,temp_max_pred,temp_avg_pred,Normal_heat_wave_prediction,Severe_heat_wave_prediction
1733,33.07662610279933,28.28719035305765,93.09857221648186,65.4599335897138
1734,32.86429448298841,28.013930430916734,94.45253449048181,66.41193831362003
1735,32.39787959352572,27.800154208773154,88.83834188339044,62.46445913675891
1736,33.227735142520544,27.929831675970412,99.0,73.40474166484584
1737,32.96440908731606,27.90326663250166,99.0,69.70535085647501
1738,33.11426009396485,28.156133411033682,96.84725962069271,68.09572942079956
1739,32.22890383017585,27.714822522292092,86.97958461963916,61.157520435683786
1740,30.962064307826342,26.68980540736281,81.60575334363406,57.379045319742694
1741,32.48556926566809,27.620941216101926,94.76951221258147,66.63481327447136
1742,32.22071769082142,27.471639251125314,92.20174310435787,64.82935062025163
1743,32.68339128215263,27.603973470486125,99.0,69.99090330728913
1744,31.814054928654723,26.54914983273508,99.0,72.88914212374448
1745,32.14966404702463,26.809761362289212,99.0,74.06097944899092
1746,31.971458702674365,26.815448560373696,99.0,71.187658473448
1747,32.216188502803554,26.232979838462114,99.0,84.11263538033504
1748,31.681642133239396,26.62872377494354,98.95374129546349,69.57684934837278
1749,31.181388974180027,26.832168775639868,83.31600441200358,58.581565602190025
1750,30.821408640516694,26.56595896266328,81.23221506340923,57.116401216459614
1751,31.74377201447458,26.86273812477493,95.13408643777007,66.89115452655709
1752,32.0463644238603,26.78927918632426,99.0,72.76695683650058
1753,31.634768496701266,26.25150393666362,99.0,74.73850875058824
1754,32.60161554724896,26.521318743438034,99.0,85.62963755954578
1755,32.65991926236929,26.505582171126935,99.0,86.78651705066187
1756,32.10377665923508,26.297119730335837,99.0,81.35401451405072
1757,31.639206363651745,25.918356345578463,99.0,80.01328153239507
1758,32.51290847899243,26.08015391361407,99.0,91.13679008403692
1759,32.23397504588492,25.816670254814976,99.0,90.89538736046788
1760,32.083228820279224,25.642718312771024,99.0,91.25797667981567
1761,32.14961554889413,25.314703376795237,99.0,97.42050268904528
1762,31.15021133542811,25.160357057435522,99.0,84.21647309363422
1763,30.83083352269574,25.215908404417792,99.0,78.35820497309298
1764,31.093187427029395,24.82619616777622,99.0,88.54673842583088
1765,31.25152394337645,24.95675099926838,99.0,88.98082725168865
1766,31.948797169035608,25.76648240781576,99.0,87.22366814406013
1767,32.33503713559154,26.115737115547233,99.0,87.80156281319235
1768,32.277286679755214,25.79333991727379,99.0,91.93666816377227
1769,32.57239235736462,25.65410346815366,99.0,98.72326389392127
1770,32.31530318717909,25.55525202646202,99.0,96.25079938620424
1771,31.836280941993913,24.534218757338245,99.0,99.0
1772,30.932513251557832,23.36821803312296,99.0,99.0
1773,30.970330520299775,23.286456969467544,99.0,99.0
1774,30.820818366585524,23.024568543184596,99.0,99.0
1775,30.874748859787744,23.704839895897713,99.0,99.0
1776,30.701232876284006,24.23493166131854,99.0,91.66095648383543
1777,31.193047812043137,24.927885480434856,99.0,88.51816143137941
1778,31.170241179526137,24.737434642571063,99.0,91.13760213992306
1779,31.64914886801664,25.050625380735873,99.0,93.726929488762
1780,31.750231551476176,25.12629730631945,99.0,94.12397258057386
1781,31.956960013230116,25.5917627792451,99.0,90.0812067810159
1782,31.735973174876865,25.569946235905537,99.0,86.96917092142704
1783,31.798873331557466,26.01693524902526,99.0,80.96778253956577
1784,31.604548606947983,25.767461573166734,99.0,81.82948490283204
1785,31.09194475313423,24.669144796432022,99.0,90.98124932347201
1786,30.76529330802247,24.0993475181596,99.0,94.7804029666074
1787,30.808041160541112,23.679017208411665,99.0,99.0
1788,31.070937528219243,23.41042493579988,99.0,99.0
1789,30.5131324841384,23.472706935256987,99.0,99.0
1790,29.635611465659096,22.93225084284783,99.0,95.36500973142608
1791,28.993393905398314,22.488993955775026,99.0,92.2562492128639
1792,29.629528809286704,23.12933207201644,99.0,92.19057401984793
1793,29.620385487576645,23.24564191482387,99.0,90.23036832426212
1794,29.82990118091206,23.10381217332566,99.0,95.72014074353751
1795,29.872420271412523,22.618907106200922,99.0,99.0
1796,29.446093613124305,22.52714433894665,99.0,98.73358240902591
1797,29.42679976411664,22.220749211157354,99.0,99.0
1798,29.7049675522789,21.999088184213047,99.0,99.0
1799,29.868616842882417,22.348276612232343,99.0,99.0
1800,30.06211991582419,22.99079220801419,99.0,99.0
1801,30.177064298720467,23.219266785898185,99.0,99.0
1802,30.433330298945048,23.4239194188874,99.0,99.0
1803,30.552059560322785,23.606588566977937,99.0,99.0
1804,30.517399021164117,23.515832323997586,99.0,99.0
1805,29.73748581513949,23.235594713245572,99.0,92.2170484670925
1806,29.28514643758174,23.262852608340538,99.0,84.72334108189384
1807,28.918631102263035,22.95366677171528,99.0,83.8275676648087
1808,28.66860794611737,22.52984435849445,99.0,86.54318105660813
1809,28.09902168600064,21.621474368034264,99.0,91.83667684322467
1810,28.076284206309168,21.99171618137468,99.0,85.6963753896014
1811,26.859305278681678,20.933798376925136,99.0,83.211045339946
1812,26.56177921554063,19.94106389911718,99.0,94.07367681911644
1813,27.17431557685093,19.589426613044832,99.0,99.0
1814,27.694101062378017,19.34088888549513,99.0,99.0
1815,28.262774358132038,19.880285431210083,99.0,99.0
1816,28.473448736328454,20.133031442502492,99.0,99.0
1817,29.297445097255537,21.13271891348467,99.0,99.0
1818,29.750639910775966,22.379878168589578,99.0,99.0
1819,28.496640808698253,21.570193357513553,99.0,98.85074142476097
1820,29.203948104344825,21.412788985315693,99.0,99.0
1821,28.314240706008746,20.45848212460659,99.0,99.0
1822,27.78953783108314,20.366305581953128,99.0,99.0
1823,26.927038675795707,20.393614465847868,99.0,92.70975328043501
1824,25.94177624473962,19.818672003584965,99.0,86.29850376804154
1825,27.073896246135174,20.269358318168287,99.0,96.94590512448265
1826,27.874494089225546,20.794494932553786,99.0,99.0
1827,27.933573633283732,20.72389569570448,99.0,99.0
1828,28.04468450639612,20.74640773530378,99.0,99.0
1829,28.28861570301474,20.599374723046992,99.0,99.0
1830,29.225674962529574,22.132771600630036,99.0,99.0
1831,29.32485193729324,22.93929833330379,99.0,90.39927506233519
1832,28.14234829153912,22.288182610174513,99.0,82.096338771322
1833,27.16195209195659,20.637935814869607,99.0,92.56275432948414
1834,28.10308213152942,20.789638016531548,99.0,99.0
1835,27.834179139398334,20.98197590092433,99.0,97.69067560115636
1836,28.34855184751012,21.82786117503996,99.0,92.51079175734628
1837,28.587198869544107,22.29977573006283,99.0,88.86598655439498
1838,29.46131353690394,22.972043942564564,99.0,92.01983741155279
1839,29.649432536776228,22.96644816998838,99.0,95.04663073106018
1840,27.7277085466172,21.40365625640075,99.0,89.43831703463206
1841,29.019727687040366,21.837355129207168,99.0,99.0
1842,30.099648977331736,22.481888470925448,99.0,99.0
1843,29.663768883128462,22.022527861067253,99.0,99.0
1844,29.321362010481476,21.68644985041212,99.0,99.0
1845,30.66661376701434,22.8892973390174,99.0,99.0
1846,30.35497813910152,22.774320056738777,99.0,99.0
1847,31.002682398369956,23.70383439916013,99.0,99.0
1848,30.363406477717497,23.348346072046418,99.0,99.0
1849,29.670072121043997,22.612222275139466,99.0,99.0
1850,28.794143435088177,21.687687165014932,99.0,99.0
1851,27.949102875004943,21.68278980819446,99.0,88.53614166891383
1852,28.003255932620185,21.092848520548657,99.0,98.60011581361766
1853,28.220791821392233,20.693465668860586,99.0,99.0
1854,28.126127416813596,19.773401611505278,99.0,99.0
1855,28.588842946246373,20.40370542161176,99.0,99.0
1856,31.147721848079627,22.262822279163107,99.0,99.0
1857,31.258736934519117,22.425204860032807,99.0,99.0
1858,31.978109343941558,22.99928026998916,99.0,99.0
1859,32.32396535128386,23.588478483807247,99.0,99.0
1860,31.4551266541542,22.596508021071543,99.0,99.0
1861,32.30237871706156,23.34785111986713,99.0,99.0
1862,32.05944780021794,24.470382029861494,99.0,99.0
1863,29.47685430463732,22.151218308486015,99.0,99.0
1864,30.819116675579178,22.576063699430573,99.0,99.0
1865,30.354814000652173,22.15350791439359,99.0,99.0
1866,30.74299635347315,22.78752767198259,99.0,99.0
1867,32.29955156742944,23.699188446506984,99.0,99.0
1868,32.27235550350592,23.68154389457508,99.0,99.0
1869,32.94669587954425,24.23260444599494,99.0,99.0
1870,32.55302077199179,24.76964290992612,99.0,99.0
1871,32.7713336486865,24.51584959775371,99.0,99.0
1872,32.71944500072267,24.126626954086014,99.0,99.0
1873,32.32699995184742,24.02819866902024,99.0,99.0
1874,32.56686490961286,24.71333935902999,99.0,99.0
1875,32.148227303287335,25.158753591819167,99.0,99.0
1876,32.97033003793686,25.481811098880147,99.0,99.0
1877,34.140440102191604,26.292847836457934,99.0,99.0
1878,35.063614110391484,26.711208936775225,99.0,99.0
1879,34.98357692315198,26.56189694531303,99.0,99.0
1880,34.86650001470459,25.768899301866,99.0,99.0
1881,34.757525989212866,25.680151050917846,99.0,99.0
1882,34.95952644642731,25.817522176135892,99.0,99.0
1883,34.98823274573175,25.874908814622952,99.0,99.0
1884,34.24713989436834,26.90014716885165,99.0,99.0
1885,34.41833703780237,27.00065172749357,99.0,99.0
1886,34.69282132258996,27.599261756342273,99.0,99.0
1887,35.47003529114206,27.47309993488574,99.0,99.0
1888,35.40774184329037,27.620649165195154,99.0,99.0
1889,34.537076625410066,27.004592203009274,99.0,99.0
1890,34.412397956854264,26.78000342983124,99.0,99.0
1891,34.532568645189684,26.97665576196553,99.0,99.0
1892,35.057313769888005,27.771352133340525,99.0,99.0
1893,34.84778600354881,28.037768659486062,99.0,97.0315210009805
1894,35.41288578062119,28.90781449654669,99.0,92.26673881366409
1895,34.86369093716192,28.341737724453562,99.0,92.53051894856812
1896,35.268296657860276,28.85296480569475,99.0,90.86456019008638
1897,35.10057497857216,27.770174270531406,99.0,99.0
1898,35.35531779176072,28.292735024530035,99.0,99.0
1899,35.691337321653585,28.715070213884644,99.0,99.0
1900,33.638128398455386,27.34243408783591,99.0,88.99522360342938
1901,35.957752046497156,29.08380321794175,99.0,98.03045044617825
1902,36.03653867195723,29.41078909530499,99.0,94.15233713519127
1903,35.89181650752411,29.562823850366573,99.0,89.51551026808657
1904,36.02496541158211,29.203981113480722,99.0,97.2028796578342
1905,36.10976424296202,28.86932899239135,99.0,99.0
1906,36.35417073451508,28.872151935372923,99.0,99.0
1907,36.25902823953456,29.139203900219808,99.0,99.0
1908,36.55795352689648,29.59920635535162,99.0,99.0
1909,37.068659143681046,30.425803369872177,99.0,94.4196214657636
1910,37.27215921589694,29.513535641945857,99.0,99.0
1911,37.95127457096081,30.27346532334487,99.0,99.0
1912,38.55048626598154,30.4712443349259,99.0,99.0
1913,38.912356518086945,30.648887284705765,99.0,99.0
1914,39.06946603662392,31.496691748259465,99.0,99.0
1915,39.32477750565208,31.736919970872844,99.0,99.0
1916,38.92763539861623,31.494389302619958,99.0,99.0
1917,38.582125212107904,31.72861710614336,99.0,97.71106415569602
1918,38.56335605372566,31.734757772192737,99.0,97.321848148952
1919,38.26254850608759,31.715511295182253,99.0,92.92245642039593
1920,38.227148884467944,31.734231826894437,99.0,92.07682902458608
1921,38.695430594977886,31.824838704367508,99.0,97.97799829078713
1922,38.54412294566441,31.769593784053306,99.0,96.47701815017356
1923,37.01380014995136,31.023679838809105,99.0,84.22062986159773
1924,37.87671268119958,31.65978171896278,99.0,87.76454628495
1925,38.34137760364043,31.935291300741223,99.0,90.72009848280015
1926,37.41045029424107,31.102341858345376,99.0,89.1891943108703
1927,38.25406593392899,32.10327253464601,99.0,86.73114686379657
1928,38.409087348665274,32.380475903842324,99.0,84.82205382535857
1929,38.51269128087324,32.32774115292884,99.0,87.2648457491313
1930,38.082170163857356,31.33087325394152,99.0,96.11401421743498
1931,38.7900586923289,32.28035375199428,99.0,92.33913969272845
1932,38.977331106896365,32.79647006267168,99.0,87.20095381601067
1933,39.717973176589865,33.21294253575289,99.0,92.26610376307775
1934,39.61920586950805,32.92521588197614,99.0,95.21859355518603
1935,40.27065319065309,33.538244002004014,99.0,95.81889357264184
1936,39.59551461995112,32.675531983439654,99.0,98.74972869549158
1937,37.99129974822014,32.344113855293344,99.0,78.86227957698122
1938,39.75527209507045,32.67329384774696,99.0,99.0
1939,39.464239300899834,32.84164441848294,99.0,94.1030450377639
1940,40.625203527310894,34.297987021449075,99.0,89.48775790409091
1941,40.710478008134075,34.05040333964083,99.0,94.68866669520692
1942,40.84397680726827,34.50739831901786,99.0,89.63403887891263
1943,40.60857286419684,34.06200599160442,99.0,92.91510738425646
1944,41.06339858304846,34.44090399148996,99.0,94.10147799310154
1945,41.32365234064213,34.975262344641244,99.0,89.81859368751377
1946,40.87600302832175,34.14899795887206,99.0,95.73445421015137
1947,40.2089321631658,34.08343057160115,99.0,86.33596236819763
1948,40.00326556560543,32.95128675071487,99.0,99.0
1949,39.74514525068974,34.28534376766554,99.0,75.93439817225311
1950,40.1303303260512,34.34811619084198,99.0,80.9720958626441
1951,40.42927325395708,34.753161769310495,99.0,79.31424194760284
1952,39.685597886498385,34.296987121282875,99.0,74.82204320649232
1953,40.24408661857682,34.47767666706727,99.0,80.72515549233673
1954,40.066494269245254,34.148027460859296,99.0,83.10104388103056
1955,39.35871968711759,33.87321949518701,99.0,76.33594049891535
1956,40.0271522027191,34.39131683825707,99.0,78.68492756971924
1957,40.67116494959452,34.06135273043633,99.0,93.90331592434664
1958,39.410241545865524,33.92121981882764,99.0,76.39096448496696
1959,40.62763016443534,34.60383056585069,99.0,84.74686872788506
1960,40.1658491464772,34.20989561991938,99.0,83.68677385246592
1961,38.780110162140005,33.38070338285015,99.0,74.99073092640396
1962,39.83966527534619,34.86321003190616,97.25456096533394,68.38211317875043
1963,39.96588104085025,34.28337866006505,99.0,79.41409969976876
1964,39.72434168617949,34.05443061622186,99.0,79.21736046808803
1965,40.418046072779894,34.63923543171859,99.0,80.91891626658287
1966,40.98795396696235,34.70877389741486,99.0,88.73718858667957
1967,41.24624606735578,35.45554584886339,99.0,81.10469091394357
1968,40.777815160904396,35.11773825018384,99.0,79.06370173000865
1969,41.454303418873685,35.461827250371556,99.0,84.25744013284574
1970,41.271480656550324,35.58943336697301,99.0,79.40698889964548
1971,41.46651544950426,34.88411719814329,99.0,93.47497267751514
1972,41.08427079687528,35.48667297191512,99.0,78.08746601500249
1973,41.37657442515096,35.82873208803729,99.0,77.31003651740109
1974,42.24842507208146,35.900711068385,99.0,89.80803130775716
1975,39.88178973902748,34.839683525658614,98.71347140819702,69.40790958388854
1976,39.877746039394175,33.59952581089557,99.0,88.72219107029066
1977,37.37229294653297,32.143762554755995,99.0,72.32078737151527
1978,37.49926014289264,32.7682835292633,91.79948030287413,64.54650958795838
1979,38.31387536856996,33.20306144532243,99.0,70.48146755074258
1980,36.79729078512774,31.718143989474676,99.0,69.9866686820792
1981,37.11285602432122,32.58342444010624,87.32070187144387,61.397368503358976
1982,39.13075100001545,33.445362598103834,99.0,79.45919377986898
1983,38.04063113018982,32.65020796698651,99.0,74.85036192505179
1984,36.83033745480134,31.950858746672495,95.0995268473076,66.86685481451316
1985,36.8969842742311,32.12287807637203,92.75791550797928,65.22040934154793
1986,36.91107024093599,31.327451460596315,99.0,77.86904344280748
1987,34.637378322218915,30.122586229201726,86.99537984482646,61.16862645339361
1988,33.97335667693987,30.219295991128703,70.09023746247045,49.282198215799546
1989,35.701754569176316,31.039248115010363,90.2779212036879,63.47666334634305
1990,35.41171537313285,31.24175236181284,79.33251136266696,55.7806720518752
1991,35.50349955929123,31.123421283361953,84.00173946509504,59.06372306139496
1992,34.515025552179495,30.412155026405262,77.84156723942743,54.73235196522241
1993,34.143883569404665,30.332830617901266,71.35673225563113,50.17270236724064
1994,35.24183742178435,31.16322893263394,77.30241087000927,54.35325764297527
1995,34.73627682111687,30.785023725337453,74.47229101732036,52.363329621553376
1996,35.336831799830584,30.372940948996316,96.97535224076155,68.18579454428547
1997,34.328967559953895,30.036104930626248,82.06361398505888,57.70097858324452
1998,33.86918666582731,29.283617947905803,88.56819373158902,62.27451121752353
1999,32.85385586837785,28.81911088815044,76.3276662272758,53.66789031605329
2000,33.18608760250193,29.30621642582103,72.88602614846442,51.24798713563905
2001,33.473616039250004,29.523250826783883,74.45256027702496,52.34945644478317
2002,33.87327164584347,29.719167982417886,78.9800814094574,55.532869741024726
2003,33.928999737275,29.241911297132418,90.82418755872408,63.860756877227864
2004,32.49893898186114,28.87030017279877,67.3030846458304,47.3224813915995
2005,33.47173622717952,29.380302119855145,77.58742460720838,54.55365792694339
2006,33.07998947738405,28.934980126773837,78.77798556911597,55.39077110328466
2007,32.31530482048881,28.38981536440724,73.89976569070164,51.96077275127459
2008,32.2513559817567,28.719670012542664,65.14857709364534,45.807593268969384
2009,32.10840853799173,28.499285559725063,66.86939951703705,47.01754653541668
2010,31.899535395450155,28.630389289422123,59.314357911734085,41.70540790668803
2011,31.84053389017601,28.18517405221205,67.89688528808804,47.739997468186914
2012,29.783777352404496,27.30591749674764,41.73021901459685,29.34156024463841
2013,32.04827264110782,28.168977470675124,72.87322600961556,51.23898703801094
2014,29.30371075160683,26.77443746360806,42.872739733306034,30.14489512498081
2015,28.58939051880752,26.443082213851216,34.362406776806786,24.16106726494227
2016,30.106754897004812,27.29348916318048,49.18368297387406,34.582277091005196
2017,29.27810943593568,26.889410035049387,39.74887557525098,27.948428138848346
2018,29.863915692938345,27.1036166072991,48.00664634753886,33.754673213113264
2019,30.045801407476404,27.443266770273347,44.500769715623534,31.289603706297797
2020,29.764406555505158,27.262931742302154,42.25499584895569,29.710543956296963
2021,30.583315375191145,27.798543305241807,48.55049044331865,34.13706359295843
2022,31.31760876801498,28.236292432423028,55.14036301315457,38.770567743624305
2023,31.488827891080174,28.4956041790534,53.18274915615054,37.394120500418346
2024,32.327795079526325,28.793331109858777,65.21031043705669,45.85099952605548
2025,32.63787408637637,28.927506974191672,69.11926915966,48.599486127885946
2026,31.14122816529384,27.784803637584638,61.25387839353785,43.06913324545631
2027,30.0697428949865,27.580719321811582,41.97830162610935,29.515993330858137
2028,30.268044621249047,27.263811087958157,53.42741185090871,37.56614895767019
2029,28.387926901700425,26.437407032801893,30.011552642189642,21.10187295153959
2030,31.30637368426494,28.14714109988294,56.87183520848893,39.988009130968784
2031,31.38995177561439,27.85664346778137,65.18462906295599,45.83294230989093
2032,29.48542859601995,26.997595484231358,41.95184692863545,29.497392371696797
2033,31.16053154616729,27.991226564411956,57.09566626122972,40.14539033992715
2034,30.656587352262918,27.46598536172065,57.568933123161514,40.47815610222294
2035,29.472397508598092,26.966743500025252,42.347866857174274,29.77584388395066
2036,30.110072452914036,27.291387992430405,49.30409912185851,34.66694469505677
2037,31.55020039234806,28.29027155517639,59.10952971492607,41.56138808080739
2038,31.111650145018753,27.84490825564188,59.260930875041694,41.66784202151369
2039,31.026415864548692,27.919098632952064,55.718160702147344,39.17683174369735
2040,30.41411916284013,27.486029163401543,51.735333320857535,36.376406241227954
2041,31.41605948560738,28.08083607976855,60.78274235197409,42.73786571623178
2042,31.16341052604853,28.010393648321866,56.73370839392591,39.89088871447915
2043,30.299797958432148,27.424670853190264,50.55838011648635,35.54886101940446
2044,30.17766694625517,27.3509295835718,49.48305250407488,34.79277129192765
2045,28.346283353786102,26.410779527682415,29.67786280230421,20.86724728287015
2046,29.711914537650895,27.152250810971776,43.54808281509158,30.61974572936127
2047,29.75383529075924,27.026287932362028,47.27883018660479,33.242927474956495
2048,29.230014363589152,26.747787602961594,41.82726134727911,29.40979313480563
2049,30.132292005143203,27.30394906427952,49.51873201919297,34.817858450995054
2050,29.568367101156216,26.805328575090265,48.06752280146564,33.797476969780526
2051,29.500662896185105,26.87530111933544,45.00803948554817,31.646277763276053
2052,29.33010588666326,26.851425095932424,41.748462016240886,29.354387355169376
2053,29.05216856375366,26.51143557020094,43.127399856727145,30.323953024261275
2054,28.882517476109797,26.69124880149998,35.36152610244041,24.86357304077841
2055,28.95411644503322,26.602229436172802,38.9308224191204,27.373234513444032
2056,29.39203182883039,26.883051741918727,42.42177970914811,29.827813857994766
2057,28.32630897907777,26.085432638332442,36.463918683229544,25.63869282414577
2058,29.694973050003462,27.118212270615345,43.92801731973598,30.88688717793936
2059,31.073041068237746,27.6650703581135,62.399349113872184,43.87454234569138
2060,30.877715846407924,27.519618436416017,61.29105355537574,43.095272031123564
2061,32.056488800145544,28.20602785918514,72.23246535467567,50.78845220250633
2062,31.25437915180853,27.72424886674539,65.11400633473643,45.783285704111556
2063,30.780327533791567,27.47344049679299,60.15304526663512,42.295109953102816
2064,29.658379724146478,26.906348491125836,47.82291628934764,33.62548801594756
2065,30.876934532969294,27.634330790488814,58.72452761067737,41.29068347625753
2066,31.34646060188444,27.815039905403587,65.14268214401902,45.80344838251338
2067,31.760742321382924,28.06215042988723,68.85759758879328,48.41549830462027
2068,30.839584117395102,27.51322546179467,60.5857479022319,42.59935399375681
2069,31.600208364371074,28.028500155514333,66.03796019681651,46.43294076338661
2070,30.94803825699882,27.560274707247864,61.95030110557688,43.55880546485874
2071,32.24520398609794,27.943680868460582,82.25606928083025,57.836298713083764
2072,30.356895421225996,27.29059362776497,54.806706521356176,38.53596552282856
2073,31.339995967233033,27.878805118083577,63.58201886998798,44.70610701796029
2074,30.78774376645393,27.55024089664492,58.61117488464471,41.21098234076581
2075,29.99416419926601,27.055896404057737,51.96150656018388,36.53543430012929
2076,31.891415954190148,27.99841334250812,73.17783581515624,51.45316580753173
2077,32.18639137806532,28.243985358621625,74.27568932097111,52.22509405380782
2078,31.936420024164853,27.820630283106905,78.1286609123989,54.93421470403048
2079,29.853102893964106,26.828261802244377,53.8853575937718,37.8881420581208
2080,31.183324198056287,27.59906426729854,66.31688735017218,46.62906141808981
2081,31.83729643147152,27.99992288911362,71.94163427462001,50.583961599342196
2082,31.896770904585253,28.15452672497568,69.82764843576838,49.09756530639964
2083,31.966827581029055,28.25117592230083,69.2367035272939,48.68205716762852
2084,32.35477158364781,28.192080888848132,79.1709043288818,55.66704210624501
2085,31.541744584163226,27.961440024953912,66.22899020465147,46.56725873764556
2086,31.281172450930807,27.791725788377505,64.20992583451786,45.14760410239538
2087,33.02537256523915,28.64131781947457,84.09010546143523,59.125855402571645
2088,31.80874531254719,28.060170328324936,69.96833298271683,49.196484128472775
2089,29.591346172276495,26.83325847651759,47.957504350197965,33.720120246232945
2090,31.378287932039854,27.74086691235967,67.49824488178189,47.459703432502884
2091,31.566797001061932,27.784968848759934,70.70729227337777,49.71606487971874
2092,32.37608506077393,28.31654392447352,76.87869191778695,54.05533025469394
2093,31.933792069594983,28.0490437862027,72.99440629760636,51.32419192800447
2094,31.837246720835385,27.98145078862131,72.35102071586839,50.87181144084496
2095,31.782181951271824,27.563879417894043,80.40672296395073,56.535977084027856
2096,31.898388289425405,27.674452905887186,80.53189741196047,56.62399036778471
2097,32.42939234352173,27.947453517593566,86.26530724284807,60.65529415512755
