,temp_max_pred,temp_avg_pred,Normal_heat_wave_prediction,Severe_heat_wave_prediction
1733,33.855801363683774,28.502153477144645,99.0,74.27574822717392
1734,34.221124188712615,29.245976008613162,97.22551511332121,68.36169031405397
1735,34.90576444471716,29.647188947256414,99.0,72.79024214782415
1736,34.99341232768214,29.625262175560632,99.0,74.50234612689854
1737,34.125874426754166,28.81839729730967,99.0,73.55433014757028
1738,34.11064327944047,28.97774929781089,99.0,70.82646846296214
1739,33.817324348666624,28.848243346398213,97.09068893929805,68.26689066044395
1740,33.78662424608321,28.833883598657415,96.72756994279541,68.01157261602803
1741,34.31506190989456,29.03079387112399,99.0,73.19168810579019
1742,33.73237489965782,28.621528517339602,99.0,70.4819747237222
1743,33.670665771229125,28.25325237115431,99.0,75.272084376169
1744,33.37383440795382,28.28233990338682,99.0,70.17960163385945
1745,33.57624348587131,28.497440849138055,99.0,69.98129119895712
1746,32.677751981373206,28.173061773445287,86.77089350950935,61.01078449887376
1747,33.66467041947865,28.60103038384258,99.0,69.74437555681357
1748,33.07610249758245,28.26758410763929,93.52263088762575,65.75809984286185
1749,32.48421784479412,28.089614055076265,84.32452866039675,59.29068421434147
1750,33.181846248330146,28.486083528304345,91.01694933390674,63.99629250040317
1751,33.51055849348843,28.352879074479954,99.0,71.2137409220075
1752,33.88901240883252,28.5285198286452,99.0,74.3826965654269
1753,32.629442160535085,28.14105529974366,86.40859690647618,60.75604469986607
1754,32.68267352030975,27.796282159009607,95.2531413622254,66.97486502031474
1755,33.072319915356324,27.762304085273737,99.0,73.59399734504046
1756,34.199525048975104,28.54498937935959,99.0,78.97711983774246
1757,33.76935210659083,28.383624725877745,99.0,74.776990323642
1758,33.70093266577133,27.529299807567213,99.0,87.05676340943941
1759,33.76780198823408,27.286344581847654,99.0,91.89777197478799
1760,33.499243532752075,27.310482827265634,99.0,87.32438602322567
1761,32.99593390118816,27.235974761193756,99.0,80.62436156241259
1762,32.870998555450356,27.457858272809236,99.0,75.20531691626753
1763,32.94187420528654,27.384114837608994,99.0,77.46499011996167
1764,33.140902949664614,27.75096682558597,99.0,74.84275193872885
1765,33.272026995675674,27.882579982349302,99.0,74.8351095832246
1766,33.24103135164859,27.92220099424072,99.0,73.73172433449798
1767,33.53124798600638,28.121254480129448,99.0,75.15614852932706
1768,32.85065659760039,27.22466167595034,99.0,78.53117065078207
1769,33.47096735654609,27.777721790024913,99.0,79.58196197689344
1770,33.372298410655944,27.595266536348355,99.0,80.89112303605611
1771,32.66151135975659,26.446676576398477,99.0,87.73179348997051
1772,32.886528880120416,26.065719844688893,99.0,97.20014117861759
1773,32.76963228951783,26.057646443196525,99.0,95.49977884877042
1774,32.930839384220334,26.45526899456537,99.0,91.80578733835887
1775,32.24184183100683,26.542285332011016,99.0,79.68057029680963
1776,31.460709206681233,25.94273750795074,99.0,76.84330779266402
1777,32.52925048266066,26.23353501460899,99.0,88.99555418830735
1778,33.72216109418031,27.096918017778357,99.0,94.14442306878051
1779,33.34644659451574,27.610719274283458,99.0,80.24573937862944
1780,32.947275968892946,27.390799063035917,99.0,77.44495165401611
1781,33.81750067944725,28.11931447364053,99.0,79.65915946573004
1782,33.189465933290606,27.83101683555067,99.0,74.35076715218652
1783,32.02667367530268,26.848643017538954,99.0,71.53172902755827
1784,33.01047784837955,26.692150136971403,99.0,89.34887049075235
1785,33.114532604112405,26.951998716150207,99.0,86.91459199940937
1786,32.50717283944694,26.68937792678444,99.0,81.52804551035153
1787,32.26490083718369,26.275478309356167,99.0,84.20972699730505
1788,32.32195550742826,25.571973915679763,99.0,96.09346237107025
1789,32.06193488915411,25.284923004743725,99.0,96.5158106939123
1790,30.153027158698436,24.366816484057416,99.0,81.03454179126595
1791,29.606924385273636,24.406717985519975,99.0,71.87822499615099
1792,30.945109363999993,25.780577165873765,99.0,71.32081559572234
1793,31.820626975626045,25.596130973823094,99.0,87.88275002817115
1794,31.67619168289454,25.61700557785755,99.0,85.299782891203
1795,31.34122735569469,24.943720492518707,99.0,90.58604473712478
1796,31.95155693693627,25.18093550717004,99.0,96.41595984009737
1797,31.610369005000592,25.140224748542277,99.0,91.72100400716121
1798,31.571701320034443,25.3903438746371,99.0,87.2087100843335
1799,31.36269580482081,24.99768821886867,99.0,90.0782435305022
1800,32.48198811212957,26.13872853200982,99.0,89.73843093937111
1801,32.60830423647483,26.19160382316731,99.0,90.88594395793004
1802,32.35676917145756,25.6669452498387,99.0,95.15349877529466
1803,32.09931271575826,25.761017110096084,99.0,89.66086883847152
1804,32.13044365118231,25.691167522588437,99.0,91.23868950927933
1805,31.649347462496404,25.524041922113188,99.0,86.33289906848779
1806,31.893743987969323,25.742410635223205,99.0,86.73958363665812
1807,31.530017693871592,25.11738863710394,99.0,90.82232901199461
1808,31.616356945866105,24.85596621417872,99.0,96.2561051826154
1809,31.01165801555506,24.59994712639133,99.0,90.8079826431833
1810,29.576094339203124,23.73190735967846,99.0,81.94042155507292
1811,28.652279922975165,23.17315433281909,99.0,76.23633734618868
1812,29.467728100559444,23.525748681382055,99.0,83.46842842464675
1813,30.115494758420844,23.546424943237554,99.0,93.26671586223895
1814,30.451727309989998,23.216615611651882,99.0,99.0
1815,30.82235878692697,23.19267165721063,99.0,99.0
1816,30.822677677905627,23.490259544689614,99.0,99.0
1817,30.562442916759615,23.58275142793436,99.0,99.0
1818,31.028605306712485,24.2782668263369,99.0,96.09903875586856
1819,30.64072288369751,24.551729064873367,99.0,85.76552841912726
1820,30.869769270004596,24.8325351999641,99.0,84.9567823443828
1821,30.774796710691017,24.474762259530163,99.0,89.06303829938838
1822,30.681342787340075,23.537090241482424,99.0,99.0
1823,30.594197699098967,23.88317498657686,99.0,95.48472988315793
1824,30.24652735404208,23.667857219852486,99.0,93.41672084671244
1825,30.424962691922314,23.62634233840773,99.0,96.85344302366539
1826,30.415834904915062,23.673641578935086,99.0,95.97177071843716
1827,30.70777511315348,23.973100243052436,99.0,95.85429484532887
1828,30.184731165736807,23.446579862249227,99.0,95.90861411699348
1829,30.389166778460297,23.643667719017667,99.0,96.02342280379112
1830,30.79324861377222,24.23119623772923,99.0,93.15706837567178
1831,30.30339843612586,23.890029260172835,99.0,90.83389337426607
1832,30.29195559364413,23.89486317820505,99.0,90.57956899123565
1833,30.850872721119746,23.854055558002276,99.0,99.0
1834,30.74672533438388,24.00167850400895,99.0,96.01635672460829
1835,31.15698128776608,24.495376071731723,99.0,94.71258150053686
1836,31.428176873728795,24.880213943369824,99.0,92.93692078685895
1837,31.219629330225118,24.965096962003695,99.0,88.35206825345976
1838,30.55231733158189,24.545367773827333,99.0,84.48358683991498
1839,30.680773167289885,24.768724577714984,99.0,83.00075921210787
1840,31.298431554913503,24.927421836749367,99.0,90.17202684631465
1841,31.537873397785575,25.079682898616994,99.0,91.5342265495091
1842,31.088997244284478,24.684324954254414,99.0,90.69800453171977
1843,31.36888477484565,24.480857848681776,99.0,98.25042072131058
1844,31.576058856348695,24.463368505369534,99.0,99.0
1845,31.756698344991992,24.626705366427828,99.0,99.0
1846,31.997521753855594,24.91348617694063,99.0,99.0
1847,31.674918355782435,25.149189678735237,99.0,92.5895105788625
1848,32.05863267036058,25.579499520761143,99.0,91.86145546249125
1849,32.018293833990256,25.08461547228655,99.0,98.96372440162044
1850,31.928423029000196,24.98141161554706,99.0,99.0
1851,31.939123370592096,25.539888544790642,99.0,90.61304415314775
1852,31.001002579517916,24.565996031109442,99.0,91.17197731888244
1853,30.561488862324605,24.028633978160812,99.0,92.70085756505931
1854,31.259274415680817,24.103582759907436,99.0,99.0
1855,31.789088728744154,24.512613012315967,99.0,99.0
1856,32.93750945824178,24.407970689349,99.0,99.0
1857,32.75273191004986,24.08615217444466,99.0,99.0
1858,32.82552864702139,24.53228216883795,99.0,99.0
1859,32.75241145373552,24.379397121748152,99.0,99.0
1860,32.48951144737744,23.514738746775443,99.0,99.0
1861,32.80031744612909,24.195965237468187,99.0,99.0
1862,33.05136853419984,24.676900489236797,99.0,99.0
1863,32.03644634657965,25.076658958860556,99.0,99.0
1864,31.92920935050202,25.388770453531187,99.0,92.81935776516931
1865,32.165363381585166,25.118304423301282,99.0,99.0
1866,32.8812370743274,25.692035430735892,99.0,99.0
1867,32.328255941603786,24.6731802731851,99.0,99.0
1868,33.11895120865524,24.77401864425948,99.0,99.0
1869,33.552292802267594,24.677802793926247,99.0,99.0
1870,33.99340855795595,25.341194671228184,99.0,99.0
1871,33.852849832806506,25.977900636697324,99.0,99.0
1872,33.901971158998705,25.795603052662862,99.0,99.0
1873,33.92501562946611,26.58550616808152,99.0,99.0
1874,33.739746675649876,26.220704332192298,99.0,99.0
1875,33.10372028574452,25.947643294356126,99.0,99.0
1876,33.78393958456095,25.522965573612836,99.0,99.0
1877,34.50986695904913,26.050730524354112,99.0,99.0
1878,35.28204715479367,26.48282479764018,99.0,99.0
1879,35.190088285116786,26.39865824347628,99.0,99.0
1880,35.107988982878595,26.260200471339825,99.0,99.0
1881,35.49344449085425,26.362161945425022,99.0,99.0
1882,35.67565286480162,26.77539269485214,99.0,99.0
1883,35.57688891317361,27.061570424734605,99.0,99.0
1884,35.30081072830208,27.417943832459244,99.0,99.0
1885,35.03194443270119,27.42676811128394,99.0,99.0
1886,34.653092967910155,27.128750437675134,99.0,99.0
1887,35.23254355796531,27.466347822096076,99.0,99.0
1888,35.312644406950305,27.5583563406098,99.0,99.0
1889,35.28582012837154,27.631511585071387,99.0,99.0
1890,34.86651559411176,27.647206977967627,99.0,99.0
1891,34.52071637442796,27.7986891194568,99.0,95.65667585892446
1892,34.94916498315555,28.123144680020253,99.0,97.28156723648901
1893,34.864481735747724,27.994515407719668,99.0,97.96822387543841
1894,35.29005885516385,28.211372324923705,99.0,99.0
1895,35.56366162583102,28.22132920232139,99.0,99.0
1896,35.44314590128848,27.911282464412814,99.0,99.0
1897,36.28771737238795,27.863991889395066,99.0,99.0
1898,36.15178581010476,28.678718292399306,99.0,99.0
1899,36.30354120160415,28.761727057243384,99.0,99.0
1900,35.56644809207144,28.49657981844288,99.0,99.0
1901,35.51869181508498,28.27487843229557,99.0,99.0
1902,35.36718219933985,28.247820918292277,99.0,99.0
1903,35.491981521679335,28.703346233446364,99.0,96.6974263786402
1904,35.798143393832014,29.340903526461233,99.0,91.51937292766848
1905,36.166414350536535,29.412669492019933,99.0,96.15226341432192
1906,36.151558802534005,29.263134103547834,99.0,98.25663592165895
1907,36.530320961356544,29.684073543846324,99.0,97.59761589859723
1908,36.50063507197448,29.614505098343738,99.0,98.22078083798036
1909,36.15753368086815,29.425825536614763,99.0,95.80793975395918
1910,36.428042734766265,29.558489973116,99.0,97.96176190078543
1911,36.80252589850468,29.84112183744793,99.0,99.0
1912,37.33592176372443,30.416722009602953,99.0,98.73749615814809
1913,37.83358661903372,30.948756991700417,99.0,98.20046292708284
1914,38.09583426071334,31.018075303643336,99.0,99.0
1915,37.93644167829643,30.601977987894443,99.0,99.0
1916,37.80197080791038,30.26410201951328,99.0,99.0
1917,37.45381084379307,30.476724696496714,99.0,99.0
1918,36.862197514225926,30.27237069171848,99.0,93.5910441016789
1919,36.696342514391134,30.086269491600834,99.0,93.90739098109846
1920,36.89161053995732,30.45698093597919,99.0,91.16608756215832
1921,37.128716854637986,30.304052877795865,99.0,97.26037463815817
1922,37.332686247950356,30.446448318773456,99.0,98.2224676433891
1923,37.0996600425791,30.398502111977077,99.0,95.3305926656567
1924,36.42378295256838,29.761871505246148,99.0,94.71736636440991
1925,37.0652051419002,30.213242200116987,99.0,97.68692096536275
1926,37.83885363167793,31.00903027260739,99.0,97.3409899854772
1927,37.94050660667137,30.663623123193013,99.0,99.0
1928,38.38229972122196,30.925431277403835,99.0,99.0
1929,37.7264960338109,30.984995907381425,99.0,95.96093947546063
1930,37.48599579286775,30.69111072761541,99.0,96.79507914456781
1931,38.20817675236848,31.384106415676747,99.0,97.25109901080836
1932,38.15330882618119,31.74168810243333,99.0,90.80657380856033
1933,38.39776861914558,31.66716991127133,99.0,95.7906048105352
1934,39.0728588620875,32.273213597025304,99.0,96.8694572665968
1935,39.05216261359534,32.139755864750114,99.0,98.63135545070666
1936,38.47178464649287,31.857876020740544,99.0,93.96732227738013
1937,38.33698947144724,31.52403788146644,99.0,97.07736859345
1938,38.848848955140824,31.90400443746019,99.0,99.0
1939,39.163337560096146,31.918086971974333,99.0,99.0
1940,39.75498721991102,32.36061349770607,99.0,99.0
1941,39.476254791416274,32.55806426007211,99.0,98.72172705225258
1942,39.52290754095884,32.274477015219475,99.0,99.0
1943,39.334641222378536,32.17175072015789,99.0,99.0
1944,39.591803059405024,32.275246604424204,99.0,99.0
1945,39.83806648501687,32.85872544263181,99.0,99.0
1946,39.88561450367511,32.396778847966324,99.0,99.0
1947,39.43752702306914,32.71805400476173,99.0,95.61676591105316
1948,38.01251656056403,31.385646148106343,99.0,94.1698501946514
1949,38.561403756828575,32.11790839077665,99.0,91.30461509456134
1950,40.41217564023565,33.013555810389555,99.0,99.0
1951,40.140144805619514,32.949073559784395,99.0,99.0
1952,40.051441399185414,33.537030754933745,99.0,92.41266631643231
1953,40.26184565999905,33.23188591969574,99.0,99.0
1954,40.34813216360717,33.748290380374414,99.0,93.74752786301177
1955,39.590191460108,33.098410277898054,99.0,92.05908097203042
1956,38.40379629949919,31.83122316506866,99.0,93.32145522547708
1957,38.181209059466994,32.42240442461406,99.0,80.6063224195771
1958,39.225129792599134,32.85748045537722,99.0,90.11952089409236
1959,39.07712196186936,32.664328400461834,99.0,90.82489939699256
1960,38.66273129467593,32.76139041925869,99.0,82.83345117839436
1961,38.196812422606925,32.105796798592756,99.0,85.79711912522137
1962,38.41187454036324,32.64802714464083,99.0,80.6851155581627
1963,39.53376489432876,33.17186091271583,99.0,90.02974971270206
1964,39.43899223806977,32.793680416987335,99.0,94.45799720441306
1965,40.07072568041944,33.357329693241006,99.0,95.52181229966305
1966,40.268824457831336,33.29219095374294,99.0,99.0
1967,40.54939893713522,34.141815897778336,99.0,90.74348498995133
1968,39.85404736392068,33.465112273749575,99.0,90.45211078392346
1969,40.16380722488014,33.72725461575617,99.0,91.19613451756192
1970,39.286196933099106,33.12998146718899,99.0,86.81586665484554
1971,40.88342528290989,34.4400393001728,99.0,91.30290598026703
1972,40.405653917555135,34.077274720379975,99.0,89.50592495586184
1973,40.96701311816191,34.4072827995242,99.0,93.12078622871422
1974,41.6608324947515,33.98966477354654,99.0,99.0
1975,39.734778395260136,33.71017840138804,99.0,84.75937490425144
1976,39.94137180097068,33.217138876559396,99.0,95.69113944392626
1977,39.69069672228329,33.51132167269688,99.0,87.17773514978767
1978,38.57350990115369,32.32898746122833,99.0,88.19566312383375
1979,37.71407254186357,32.14694838305387,99.0,77.61131498140162
1980,38.79507719980276,33.07038465438043,99.0,80.07332102222387
1981,39.42784561640724,33.289297351817055,99.0,86.53981663422161
1982,36.979342601547756,31.50504666583523,99.0,76.16087399550825
1983,38.59649939625378,32.82494232943255,99.0,80.80557916908171
1984,39.088300020768294,33.73307139639502,99.0,74.30044725583241
1985,37.94916091791597,32.394376112671836,99.0,77.41851258193955
1986,37.28143885326332,31.51808833047957,99.0,80.67735191849607
1987,35.03397881871743,30.38062199194284,90.0745961505465,63.33370041835301
1988,35.6096272620783,30.972250033182792,89.71949397545573,63.08401920149231
1989,36.71155309140031,31.473154923027884,99.0,72.47497138081921
1990,36.68423546537474,31.69566175951671,97.52386013017849,68.57146415403176
1991,37.509634819416895,32.02005311410494,99.0,76.39971414549929
1992,36.73149570408858,31.54431132652862,99.0,71.67475589937439
1993,35.40011178728069,30.34826746039354,98.92987393082566,69.5600676076118
1994,35.712933507929755,31.1043053632312,89.08062543774568,62.63481476091493
1995,36.57581587216291,31.88951934369398,90.80658952153189,63.848383257327114
1996,36.842471184799805,31.028148361762916,99.0,81.47379410995143
1997,34.420050320953465,29.850407415078237,88.21428679722732,62.025670404300456
1998,34.44759649675492,29.859424421463956,88.626046117577,62.31518867642133
1999,34.461272047844886,29.875850631906243,88.56492035419214,62.27220962404134
2000,35.38524383934236,30.662370587736703,91.61940559123684,64.41989455633839
2001,35.721123254599036,30.818811532157465,95.60692716536828,67.22362066314957
2002,34.82092467413628,29.864301482897066,96.81384869420478,68.07223736311275
2003,34.84606444086533,29.908572557370718,96.38870852210246,67.7733106796033
2004,33.99772460987245,29.661389790305485,83.0296626570437,58.38023155573385
2005,34.667404347063766,30.077066458733697,88.6741752962238,62.34902950515736
2006,35.157451121379815,29.961561026280165,99.0,71.81078273593205
2007,33.44069150963043,28.93607974569108,86.7691503097634,61.0095588115524
2008,32.89968206379915,28.610843505474932,81.9741901849826,57.6381024738159
2009,33.710052186770845,29.400354781362186,82.43772012019248,57.96402195951033
2010,34.53352158986753,29.8085007939259,91.66712879870296,64.45344993658803
2011,32.91052591773639,28.45054257645541,85.77740758402193,60.312239707515424
2012,32.989243979164485,29.253629176145576,69.6803289559758,48.99398129717048
2013,33.181650192415525,28.68316481349648,86.6330084204233,60.91383404561013
2014,31.328157745441164,27.796227657670432,65.15400195046077,45.81140762141772
2015,31.975099597074625,27.982382194910617,75.39372004808911,53.011209408812654
2016,32.06306539708605,28.2006301380695,72.49856131147894,50.97555092213363
2017,31.238123162578507,27.56468783939893,68.29856273732402,48.02242692468095
2018,31.1328090075461,27.586139011943718,65.48155545783077,46.04171868128726
2019,31.6298814881432,27.46644811699546,79.18740824772767,55.67864642418352
2020,31.09789392343122,27.596615255870983,64.47285927911639,45.33247918062872
2021,31.503880048008746,27.805475856352736,68.85342648124471,48.41256549462519
2022,32.61493782096855,28.553104995263993,76.92961834899018,54.09113790163372
2023,33.56354101010102,29.15450159425457,84.6453203521434,59.516240872600825
2024,34.14597618505912,29.501611261714626,89.87477607432213,63.193201927257746
2025,33.65618792224827,29.149982903402893,86.80455597434178,61.03445341945907
2026,31.82389995275091,27.994873506594118,71.75614324792876,50.45353822119991
2027,32.44300211454329,28.522502096032017,73.78888930025056,51.88281278923868
2028,31.18246744925638,27.635277089989582,65.49311909481774,46.04984936354373
2029,31.7551384714974,27.738418812435793,75.92710353470244,53.38624467283765
2030,33.77393195085295,29.481636785415663,82.05100367638416,57.6921119599576
2031,34.17005177797688,29.331390379190772,94.19247552858023,66.22908435603297
2032,31.932037530651137,28.24226117495412,68.6616967932671,48.27775555776592
2033,33.60419245435566,29.307406331884366,82.1508027215844,57.762283163614036
2034,32.713803084632545,28.64742494994297,77.03062521532395,54.16215835452465
2035,33.36811537035216,29.10837835398128,81.32748925268622,57.183390880794995
2036,34.33744478399849,29.977316921642043,83.55839694125449,58.75199784931956
2037,34.387420468988104,29.67192849404286,91.45537722100549,64.30456210851948
2038,34.34291910835759,29.0710565702812,99.0,72.99785215744365
2039,32.93500578206847,28.374916518365062,88.00198363785363,61.87639474536583
2040,32.9028049175933,28.94509825437438,74.6157036270872,52.46416661279568
2041,33.33706623191752,29.14248409944426,79.87960294385022,56.16534581989468
2042,32.64615981399888,28.36426230240349,81.81994470211981,57.52964861867799
2043,32.274462398925934,28.184012632517117,77.56555036464043,54.538277600137796
2044,31.748614291160997,27.988072645835672,70.23425878500728,49.38346320820825
2045,33.03355569425777,28.73942069070698,82.09188896779544,57.72085943048116
2046,32.81454371257572,28.601806002584436,80.28306022202858,56.44902671861385
2047,32.27229263852158,28.25287579865922,75.98704088583025,53.42838812284939
2048,32.4662859149977,28.620278043121406,72.13350826391766,50.7188729980671
2049,31.66706670050184,27.913288122539626,70.08396839916038,49.27779028065965
2050,30.41079561573622,27.06687614349195,60.97598827209494,42.87374175381675
2051,30.197012516011835,27.039767395945358,56.82766933481065,39.95695500103874
2052,29.969337746651938,26.867591722468433,55.594356092966834,39.0897816278673
2053,31.216927927699043,27.469175242933296,69.95005966146108,49.18363569946482
2054,32.2075314796939,28.27184426462659,74.12638255705133,52.120112735426716
2055,32.749249384031614,28.482503364930455,81.4832448689147,57.29290654845565
2056,30.253310975045355,27.089699429843417,56.96914544893201,40.05643039378032
2057,29.93904275871031,27.05356608090397,50.788370617918744,35.71057309072412
2058,32.19008943573225,28.171246066951316,75.97429708402075,53.41942763720209
2059,33.4308560123372,28.97666437710951,85.64870300505984,60.221744300432704
2060,33.40284995415427,28.97321347867177,85.10303278850004,59.8380699294141
2061,33.58693882959272,29.06739456650833,87.10098362409755,61.24287911069359
2062,34.34799503462984,29.477762704611074,94.89405177819485,66.72238015654325
2063,32.902082691740105,28.31526209243827,88.59601331781859,62.294071864091194
2064,32.4201933269845,28.330080954251983,77.55805272738938,54.53300582394566
2065,33.260393510457035,28.58726451167016,90.5139777508195,63.642640606044964
2066,33.76574840034372,29.18834627771182,88.38671383626446,62.14690816612345
2067,33.86877257851586,29.200461260396626,90.40691818042745,63.56736434561305
2068,32.64793615413742,28.486835214389316,79.13557643884678,55.64220218356414
2069,32.416240655321815,28.23385861348638,79.60848981856527,55.974719403678705
2070,33.196740631049636,28.74304468189825,85.63768775891971,60.213999205490424
2071,33.502512951016165,28.924144641240627,88.40818466167867,62.162004840242815
2072,33.574856827013626,28.89398290106264,90.68608724335532,63.76365509298421
2073,34.091316781461096,29.50825535121373,88.51247622771929,62.23533484761512
2074,31.946302977801892,28.185232022378216,70.2460212316373,49.39173367849497
2075,33.04621725429299,28.615704110943923,85.12251429664599,59.851767864829206
2076,33.5360607738625,29.12380715310435,84.71674712795895,59.56646282434613
2077,33.527201976636746,29.322216386463385,80.1107908927414,56.327899846458806
2078,32.92456256114011,28.719870321210802,80.10427199842903,56.323316248895416
2079,32.20903940345068,28.228360363212232,75.12620089418782,52.8231100037258
2080,32.72077540610933,28.517919516152837,80.06346422125551,56.29462328057028
2081,32.81613923799505,28.523550862683415,82.05751945136979,57.696693364244375
2082,33.241831745762084,28.902119494015363,83.10471670548274,58.43300393354256
2083,33.692640666269725,29.18712336490777,86.78927336359905,61.023707833780584
2084,34.013454104853025,29.053539636178616,96.88698819276469,68.12366357303767
2085,33.416340841106965,28.878038066789607,87.51783942927467,61.53598084870876
2086,33.776009776978135,28.910120376000673,94.79754224394364,66.65452189027287
2087,32.608386658529255,28.193048961381905,84.78528215883006,59.614651517927385
2088,32.36174272164705,28.184141278306264,79.5022542964619,55.90002255219978
2089,32.41124899991186,28.227591600835815,79.63683109057888,55.99464686056327
2090,32.80987640916087,28.396494761108595,84.74181440116175,59.58408825081685
2091,32.94079461249142,28.575034621573195,83.68355535373844,58.83999985809735
2092,33.85279376501924,29.042738655960346,93.55678020130888,65.78211107904531
2093,33.45381278630346,28.563434576165587,95.34173800306385,67.03715953340428
2094,32.35968023792889,27.739506217713277,89.33720044923592,62.81521906586901
2095,32.665340705906544,28.412273577732773,81.17926951497275,57.07917387771522
2096,33.55099782384584,28.845738266704764,91.22799015869063,64.14468058032935
2097,33.67421797347801,28.852606810477877,93.81358140000296,65.96267442187708
