,temp_max_pred,temp_avg_pred,Normal_heat_wave_prediction,Severe_heat_wave_prediction
1733,32.737006978487805,27.894398423622693,94.28019010811366,66.29075866976741
1734,32.89575164218359,27.98451489312892,95.80526109010381,67.36307420397924
1735,32.93804972659574,28.21639016233039,91.5924347614523,64.40093069164615
1736,33.16950204950347,27.932336203975115,99.0,72.45571633638059
1737,33.292826239215266,28.017642498605987,99.0,73.04974594702001
1738,32.80849544945118,27.573203315520455,99.0,72.42643959266759
1739,32.80955929559143,27.741905462475273,99.0,69.80709114243993
1740,30.57894253638508,26.378266918296294,80.01501373530644,56.26055653263734
1741,32.60698690713362,27.180430498069878,99.0,75.41494389162095
1742,32.92193746511829,27.42407559529303,99.0,76.52909171601974
1743,32.507023137120235,27.23988372898376,99.0,72.92405325213247
1744,31.736307041742442,26.426900662852276,99.0,73.58447467015888
1745,32.036175301755044,26.480082980538388,99.0,77.43894251901028
1746,31.36191329843345,26.469003303330577,95.39799989117499,67.07671867348242
1747,31.371828219225335,26.051218577159784,99.0,73.75952565727428
1748,31.959255738299394,26.987551246106577,97.14898871539597,68.3078826905128
1749,31.54664373049953,27.09066502545726,85.68841566760604,60.2496672662855
1750,31.623350255215314,26.849611379977887,92.74975278305398,65.21466992558483
1751,31.70908770312223,26.791357021663522,95.94957069908241,67.46454189779233
1752,32.286547522822175,26.73008368907059,99.0,77.44474740236856
1753,31.85583232001014,26.480643889630343,99.0,74.61231922468437
1754,32.346860305942776,26.396004587686097,99.0,83.60712059776066
1755,32.97110528036762,26.540198151170866,99.0,91.10792389369927
1756,32.90163691310355,26.728565025664693,99.0,87.0792482412322
1757,32.52800915952308,26.545378598004106,99.0,84.103602523734
1758,32.72769675413641,26.187965449836003,99.0,92.80830162969389
1759,32.40183571507308,25.626970757391142,99.0,96.48226496378027
1760,32.3470768832966,25.61385691569216,99.0,95.83156199381942
1761,32.2593117651086,25.399685722142582,99.0,97.80665692134404
1762,31.276790631278704,25.022164028254778,99.0,88.35354067224887
1763,30.922255585623205,25.07308265371175,99.0,82.01832706111651
1764,31.531096546420343,24.935284238727203,99.0,93.68456730770535
1765,32.17812458587293,25.49059065374756,99.0,95.11771768945893
1766,32.32368839394791,26.17608247194157,99.0,86.68134253134913
1767,32.2589914428198,25.919907731345443,99.0,89.67318299178683
1768,32.58693848749827,25.88315859859919,99.0,95.37156076404818
1769,32.696917482996575,25.843308129301057,99.0,97.71264615149249
1770,32.73500966350162,26.180007512166,99.0,93.04690861461911
1771,32.32344281319419,25.17533816852483,99.0,99.0
1772,31.484960189273977,23.87928562446693,99.0,99.0
1773,31.274042745516432,23.516649646325085,99.0,99.0
1774,31.297664947755095,23.297089167227533,99.0,99.0
1775,31.152552134161148,23.91741187218563,99.0,99.0
1776,31.051618232562788,24.424031508736164,99.0,94.18104255979104
1777,31.225240650509136,24.990949741320755,99.0,88.03579545606848
1778,32.18156782785838,25.254410185543584,99.0,98.86183816116872
1779,32.14564713180322,25.445648918493053,99.0,95.31247208297144
1780,32.38128548488899,25.493689330904598,99.0,98.24368990600618
1781,32.272477805447075,26.002985278474082,99.0,88.58582073395304
1782,32.46981656243451,26.453240485065614,99.0,84.63400120888903
1783,32.211606984872745,26.307581016595115,99.0,82.87540575433799
1784,31.94936511346528,25.710780801721423,99.0,88.1028798709978
1785,31.778309649125625,25.251180547885745,99.0,92.61139220687315
1786,31.671344848519123,24.82946926658863,99.0,97.52930596766396
1787,31.45198711239599,24.309138196710585,99.0,99.0
1788,31.42564911581083,23.796940933135748,99.0,99.0
1789,31.02233464148736,23.878316187466222,99.0,99.0
1790,30.273825526618303,23.549103594547507,99.0,95.69878018860622
1791,29.103884454795875,22.787119717266467,99.0,89.32444902389702
1792,30.125686356895457,23.729429077792155,99.0,90.56651998598913
1793,29.74249021221188,23.978879946038195,99.0,80.68141040896387
1794,30.682172317475384,23.990021604846078,99.0,95.18985488483295
1795,29.750344053101266,23.121598842933004,99.0,94.19914390887912
1796,30.232162661563496,23.397486298832032,99.0,97.41681816767917
1797,29.885886343987675,22.84523619807336,99.0,99.0
1798,30.17594192330928,22.850630258755032,99.0,99.0
1799,30.46578460412001,23.25749258998222,99.0,99.0
1800,30.707265264440828,23.898217977705,99.0,97.01636385524736
1801,31.07689993538317,24.33012694354608,99.0,96.04332799745457
1802,30.837565181006283,24.275252426057307,99.0,93.1611367960778
1803,31.145524459197297,24.271560467904724,99.0,98.03068736394648
1804,30.778011438196394,24.052115003741974,99.0,95.71713178835034
1805,30.477630511386465,24.085836682127177,99.0,90.49677858217642
1806,30.76076546759117,24.35696988463969,99.0,90.68430598361694
1807,29.439802221999944,23.669152919837334,99.0,80.79139534629081
1808,29.13459872446375,22.867734461714775,99.0,88.54475410545277
1809,28.99710655528013,22.41198183071195,99.0,93.51757382137782
1810,28.66845358041264,22.36873932977689,99.0,89.0580351661836
1811,26.973675112255854,21.17871947043508,99.0,81.17118190344964
1812,26.82517107547088,20.588858893448865,99.0,88.06737784409403
1813,27.75134454834727,20.777292968144593,99.0,99.0
1814,28.034495290926188,20.625401000364437,99.0,99.0
1815,28.357867196217057,20.6912845132587,99.0,99.0
1816,29.08312952966019,21.36704609886845,99.0,99.0
1817,29.617992159737508,22.411127986872085,99.0,99.0
1818,30.175095262437765,23.252593574591494,99.0,98.78908887259801
1819,29.037092215309443,22.7573214471512,99.0,88.7464182524726
1820,29.393738385331798,22.562955963640693,99.0,97.35597533892354
1821,28.694310511314033,21.477893261242556,99.0,99.0
1822,28.532736681092544,21.375275141697536,99.0,99.0
1823,28.017813527014813,21.65883186027156,99.0,89.98408854286333
1824,27.381863346727712,21.371300504688975,99.0,84.5400444068553
1825,28.103445434109815,21.82240259713954,99.0,88.76629432766059
1826,29.07345080116926,22.282259309607813,99.0,96.73736705564761
1827,28.67815532292243,22.033152905533306,99.0,94.45316277170507
1828,28.47524833049613,21.783236825850853,99.0,95.18767976008246
1829,28.730334977569054,21.90770266575013,99.0,97.22862987217073
1830,29.254416062257953,22.96713128493982,99.0,88.86382464559584
1831,29.68960767696396,23.66660127177433,99.0,84.73447508108801
1832,28.77771476268988,23.1890147527774,99.0,77.94843765488253
1833,28.28103798966208,22.252660636307972,99.0,84.818396146158
1834,28.98463376298359,22.394691226647243,99.0,93.59285213025548
1835,28.92262905816836,22.36360384030425,99.0,93.10976902912677
1836,29.22073524641363,22.93382306250606,99.0,88.85800287355578
1837,29.624003627845923,23.424141821398607,99.0,87.49784072573935
1838,30.09590834694109,23.723149196590477,99.0,90.19936172422838
1839,30.4498216947293,24.202803794064792,99.0,88.234654697883
1840,29.328376966744866,23.03346926853414,99.0,88.98293278454261
1841,29.341749694923028,22.955698780513657,99.0,90.40704553764644
1842,30.05765063934505,23.36174594537454,99.0,95.24851084328922
1843,29.982832314609094,23.069808701942453,99.0,98.64099394791631
1844,29.907728044134657,22.84591996042802,99.0,99.0
1845,30.708344893951043,23.417643796040096,99.0,99.0
1846,30.81539635091309,23.719097244039364,99.0,99.0
1847,31.165203315728505,24.158473904950352,99.0,99.0
1848,30.522660431163423,23.950202957725743,99.0,93.31964802246378
1849,29.783044643172836,23.386764106122786,99.0,90.56688339140706
1850,29.79040701491361,23.012247267672336,99.0,96.53374605064496
1851,29.032255333052788,23.029855242382293,99.0,84.41250141672651
1852,28.77060892455937,22.468362231796547,99.0,89.09760457441912
1853,28.93073201333987,21.920710867818414,99.0,99.0
1854,28.676682048815337,21.197685248658804,99.0,99.0
1855,29.145690648850866,21.881471795000333,99.0,99.0
1856,31.662373947809886,23.161013585053386,99.0,99.0
1857,31.370755395122014,23.03510517826296,99.0,99.0
1858,32.1551269155498,23.5519022420639,99.0,99.0
1859,32.14846002220004,23.795797796210348,99.0,99.0
1860,31.910961759131006,23.15833186048756,99.0,99.0
1861,32.57049562790499,23.895935056020008,99.0,99.0
1862,32.45189261512499,24.661719406914244,99.0,99.0
1863,30.662298151279252,22.931677821013686,99.0,99.0
1864,30.51828334985815,22.900032448749684,99.0,99.0
1865,29.77622192387715,22.293235803603977,99.0,99.0
1866,30.252564269780716,23.180309205414428,99.0,99.0
1867,32.2859405284157,24.20462915148187,99.0,99.0
1868,32.44440855055158,24.237228574932047,99.0,99.0
1869,32.787973416613376,24.30183674639131,99.0,99.0
1870,32.87888670382771,24.937853241999242,99.0,99.0
1871,33.0260631989921,25.159292019580867,99.0,99.0
1872,33.18743184047349,24.546576966683592,99.0,99.0
1873,32.67030463256572,24.451116446799347,99.0,99.0
1874,32.897203688141914,25.04546569454644,99.0,99.0
1875,32.272045952638166,25.2182811267344,99.0,99.0
1876,32.96330912399854,25.13537566591108,99.0,99.0
1877,33.845820382907206,25.704320658197805,99.0,99.0
1878,34.59062277030175,26.213421807578847,99.0,99.0
1879,35.012293302762174,26.49855975643564,99.0,99.0
1880,34.84180057914751,25.61269645884307,99.0,99.0
1881,34.547445246420125,25.288477767061067,99.0,99.0
1882,34.61137562701239,25.514087773498918,99.0,99.0
1883,34.63928509949402,25.78697355294359,99.0,99.0
1884,33.955252280548834,26.673921731773795,99.0,99.0
1885,33.962674030982306,26.85527940494803,99.0,99.0
1886,34.68429022610272,27.537292944269886,99.0,99.0
1887,35.101179810887494,27.333523042525055,99.0,99.0
1888,34.85443011968,27.091735000428955,99.0,99.0
1889,34.1143526330382,26.798743054880507,99.0,99.0
1890,34.17951947934352,26.729197005177284,99.0,99.0
1891,34.24125055809797,26.762636149154968,99.0,99.0
1892,34.36246863841393,27.153919830505945,99.0,99.0
1893,34.12306596292944,27.425174603843907,99.0,95.27955248571146
1894,34.93405025766276,28.251904506351348,99.0,95.03352736424087
1895,34.966678439454064,28.415079666957734,99.0,92.9937308202552
1896,34.772936503900596,28.081018062990875,99.0,95.18622563921441
1897,34.85114245622995,27.469206183346262,99.0,99.0
1898,35.362237714398766,28.074045814189155,99.0,99.0
1899,35.42850329799398,28.381252733997155,99.0,99.0
1900,34.2368199439545,27.444035016300937,99.0,96.76226449458697
1901,35.65418234096132,28.603604163812694,99.0,99.0
1902,36.04324019952386,28.691605780328093,99.0,99.0
1903,35.45348094868811,28.90563799561806,99.0,92.93504614171954
1904,35.62280835213829,28.703637502806036,99.0,98.73704452081655
1905,35.85542368007546,28.569332528848104,99.0,99.0
1906,35.828545438670666,28.6431700493928,99.0,99.0
1907,36.050342293994625,28.95320273099611,99.0,99.0
1908,36.412527728910064,29.27427696080188,99.0,99.0
1909,36.73323104711806,29.728762341979287,99.0,99.0
1910,37.02679821420332,29.593095870974818,99.0,99.0
1911,38.06462024971633,30.082217222080523,99.0,99.0
1912,38.33547895604045,30.191050040012584,99.0,99.0
1913,38.61535437675373,30.195389077788015,99.0,99.0
1914,38.616551933939846,30.55212597379127,99.0,99.0
1915,39.09151745269159,31.230427247668057,99.0,99.0
1916,38.501579593562155,30.51010313575426,99.0,99.0
1917,38.130029335199794,30.77299312944801,99.0,99.0
1918,37.84564832326537,30.846013919360253,99.0,99.0
1919,37.426019127593534,30.493456976324765,99.0,98.94628361357455
1920,37.529546544464765,30.564147458648005,99.0,99.0
1921,38.39725457860145,30.943709661410345,99.0,99.0
1922,38.538926196556986,30.910453194908182,99.0,99.0
1923,37.24995403129588,30.19167831866028,99.0,99.0
1924,37.85596872701227,30.617336918763836,99.0,99.0
1925,37.9621179041147,30.932556394055112,99.0,99.0
1926,37.78283539470212,30.946902436039252,99.0,97.43645247910732
1927,38.21630373667485,31.237191244784714,99.0,99.0
1928,38.367183724783885,31.530335650930944,99.0,97.45075115395224
1929,38.38496598156389,31.59548749616684,99.0,96.7106013343289
1930,37.89623220410431,30.777742991081933,99.0,99.0
1931,38.47026145894006,31.603294347467628,99.0,97.92136111675676
1932,39.01878465749477,31.856799176338715,99.0,99.0
1933,39.504828577636765,32.24530859625112,99.0,99.0
1934,39.583511487663515,32.26406356021781,99.0,99.0
1935,40.37686065657175,32.696371512393775,99.0,99.0
1936,39.7870561724874,32.26558368428842,99.0,99.0
1937,38.29308895844157,31.743545671923872,99.0,92.9616138518391
1938,39.557874385544764,32.24671740311415,99.0,99.0
1939,39.51765675536227,32.093190431225224,99.0,99.0
1940,40.55334110180773,33.27240877990774,99.0,99.0
1941,40.839185676592834,33.13402030969472,99.0,99.0
1942,40.77743759284069,33.67229609961647,99.0,99.0
1943,40.93263117290485,33.3923741211349,99.0,99.0
1944,41.36000753817121,33.98275767525296,99.0,99.0
1945,41.37858109553491,33.91584258418334,99.0,99.0
1946,40.66384899092172,33.19656422871835,99.0,99.0
1947,40.21256935475422,33.259909121592344,99.0,99.0
1948,39.95640503608703,32.35984315333435,99.0,99.0
1949,39.658769742204996,33.06556378572422,99.0,93.64384307001205
1950,40.38470161949925,33.67884634556626,99.0,95.40398865520305
1951,40.53870572761875,33.87431466292264,99.0,94.75611038587661
1952,39.75875798885335,33.4978541332777,99.0,88.45162274336948
1953,39.97313670983709,33.639761898862346,99.0,89.58398142148039
1954,40.22185568655403,33.18803375516531,99.0,99.0
1955,39.63142069728559,33.164808344386735,99.0,91.6658180140446
1956,39.453462409905434,33.23953965896041,99.0,87.71754298351597
1957,40.41101332986534,33.59428828360844,99.0,97.13632884776402
1958,39.47645909900465,33.776123102586354,99.0,79.69274994403585
1959,40.51617959810325,33.844143667617026,99.0,94.87556141384724
1960,39.8817211129545,33.10721444478958,99.0,96.47666669007693
1961,38.25930160849133,32.432591734711025,99.0,81.6673417778172
1962,39.56189584616456,33.66716799093795,99.0,82.7301227379158
1963,39.82546178811472,33.7237443102197,99.0,85.96433559210969
1964,39.757869970187066,33.803939554502165,99.0,83.65516274507657
1965,40.184718646722736,33.78773899971965,99.0,90.57780698442319
1966,40.90782075047769,33.6535780146405,99.0,99.0
1967,40.77488638609256,34.36886872481712,99.0,90.71902595742876
1968,39.99913670992137,33.73662704365283,99.0,88.47671353544595
1969,41.17738519565841,34.80741986265104,99.0,90.15570832824015
1970,40.84257903426816,34.56028025749354,99.0,88.78591838710348
1971,41.144975560921246,34.06266625578061,99.0,99.0
1972,40.74712591200733,34.35215529656169,99.0,90.54641586633805
1973,41.06360901839127,34.82661248178594,99.0,88.07807088445819
1974,41.48674333376342,34.80650087610159,99.0,95.00378840096613
1975,39.52731448495905,34.346689429358364,99.0,71.5722664937607
1976,40.34254829276537,33.0770743594918,99.0,99.0
1977,37.21691555864436,31.454883684046948,99.0,80.65674804058459
1978,37.806474814921316,32.178469633609346,99.0,78.5625809579995
1979,37.71058370712744,32.276319938285475,99.0,75.5353713881557
1980,37.35698502614379,31.74317043681246,99.0,78.34085295830207
1981,38.113782874732124,32.53047170006584,99.0,77.86423710416068
1982,38.39661083593344,32.357860588592885,99.0,84.9804726146961
1983,37.59050774677537,31.86557000791366,99.0,80.07715216971422
1984,36.014518957095696,30.52042850722814,99.0,76.4701632791806
1985,35.56147353608265,30.355238918503858,99.0,71.97241589966869
1986,36.29617393462636,30.51810381736146,99.0,80.90734558226409
1987,33.97625984723702,29.47719383518206,86.6459113789991,60.92290643835874
1988,33.966107045413125,29.50084320978505,85.89475190284617,60.394747431688714
1989,35.65584188347601,30.297089151202,99.0,74.35551144178137
1990,34.87354752801125,30.31302102560952,88.01170005337187,61.8832266000271
1991,35.83836114116328,30.594219765404876,99.0,72.56470899622514
1992,34.48090540229823,30.288969860975875,79.82078980716341,56.12399283316177
1993,33.95282489369132,29.778450129270613,79.43055032046024,55.8496056940736
1994,34.69111318707644,30.130302447097897,88.01801644396767,61.88766781216476
1995,34.07332037155742,29.678276320728244,84.33431224064844,59.297563294205936
1996,35.22200690889865,29.79070645035844,99.0,75.48906966469082
1997,33.954195139428336,29.263325344393927,90.90821766743136,63.919840547412676
1998,33.151997098189625,28.953934267013175,79.95695180392117,56.21973173713207
1999,32.78360180808503,28.38040694621079,84.51544137498317,59.42491971678504
2000,33.21272233570916,28.86120885677316,83.36696619857781,58.61739810837502
2001,33.9089288452404,29.441778279362843,85.9366792417236,60.42422759183691
2002,34.12833823086813,29.21372491030512,95.88029601251138,67.41583313379707
2003,33.91336261396163,28.924108935654264,97.53897062905266,68.58208872355264
2004,33.37428654614826,28.921606607795116,85.61510974118107,60.19812403676794
2005,33.21660005383783,28.9776991827122,80.86446380279182,56.85782611133799
2006,33.33262788056279,28.894777926698684,85.28555453031352,59.96640552912669
2007,33.33057339334135,28.83593788831348,86.5474556672861,60.853679766060544
2008,32.519308184677904,28.487986668888446,76.25158923976578,53.61439868421031
2009,32.58230973855974,28.512584035135102,77.10501563165874,54.21446411601005
2010,32.85532757106613,28.758713094454325,77.70254392470675,54.63460119705943
2011,32.48959134556688,28.363102526037707,78.36641821175942,55.10138780514334
2012,30.886383446188784,27.674239812158596,58.04763631178199,40.814744281721715
2013,31.687656582859603,27.615338148548723,77.16263187357515,54.25497553610753
2014,30.396986753235794,26.9794786249272,62.61129174019102,44.02356450482181
2015,29.539991038607717,26.50748463292222,54.05569790412217,38.0079125888359
2016,30.35653075109716,27.176151186176963,57.34176810933778,40.31843070187813
2017,29.881958373136232,26.701047529294716,57.353574307589305,40.32673193502373
2018,29.61351368782227,26.544789382262415,54.86054012355237,38.57381727437276
2019,30.0140608755247,26.80049527612911,58.07923554212427,40.836962490556125
2020,28.609534913082463,26.049453376301923,43.557367484012055,30.626274012195974
2021,30.46732931417197,27.085673186378827,61.81458061762544,43.46337699676789
2022,30.967584009532786,27.571623176148588,62.13246296409333,43.68688802162812
2023,31.685889658839784,27.915385360535737,70.45565107342333,49.53912966100077
2024,32.9822412341393,28.57958812823058,84.5034023535272,59.41645477982382
2025,32.85324337519225,28.19293206717242,90.22914017821846,63.44236418780985
2026,31.48491601590667,27.49674175280103,75.29276140234764,52.940222861025674
2027,30.02826786030844,27.044939725631714,52.962847437260606,37.23950210432386
2028,30.20101349842481,26.91168525084763,59.76284994615963,42.02075386839349
2029,28.781183675420337,25.9644418978924,49.26092838950977,34.636590273874056
2030,31.151139963310023,27.55341956411909,66.61600887090968,46.83938123735837
2031,31.872298830414653,27.62107282213541,81.13835573953878,57.0504063793632
2032,29.621009858356413,26.553980029561465,54.822885084332206,38.54734107492108
2033,31.63552238936499,27.758833709091405,72.8153040060797,51.19826062927479
2034,31.14377826160846,27.412873234489254,69.57566726931574,48.920391048737635
2035,30.236417354203972,27.035489865560468,57.79838863652237,40.63949201005479
2036,30.56167548257584,27.186523735166723,61.67003883131375,43.36174605326748
2037,32.48488004435987,28.326941192063302,79.06530782881265,55.59279456713389
2038,31.163828760372816,27.386056073130508,70.61717082760688,49.65269823816109
2039,31.225973782901534,27.497514375761146,69.52132015867534,48.8821782365686
2040,30.677796106900075,27.300188419117703,61.724615284052774,43.400120121599606
2041,31.69604232711999,27.766144874501194,73.99772116930663,52.02964769716873
2042,31.30215860208761,27.584085613133652,69.29051086564351,48.7198904524056
2043,30.98549760615466,27.398423405331442,66.37942668496044,46.6730343878628
2044,30.64616767776106,27.058587401557435,66.39067280452502,46.68094181568166
2045,29.348921923168838,26.731782713858593,44.82531576244995,31.51780014547262
2046,30.411469841357547,27.061058739893966,61.12024669919075,42.975173460368495
2047,30.18766434896581,26.965607128633494,58.2679382296071,40.96964406769249
2048,30.1766450974035,26.855566637213517,60.468410226444135,42.51685094046853
2049,30.6371135238715,27.077202074313444,65.77580999017904,46.248616399344634
2050,29.32669540586903,26.37362822202481,52.29038186320499,36.76667474756601
2051,29.652774703558364,26.47606601815953,57.26019300886307,40.261073209356844
2052,29.10481047797546,26.072723060095004,54.04638706401015,38.00136590438213
2053,27.98912844863392,25.506897225220506,41.82736052029814,29.409862865834636
2054,28.769607825349212,26.11034500405013,45.7613960288685,32.175981582798165
2055,29.489616315181593,26.575487401656982,51.425086967213616,36.15826427382207
2056,29.25740002909652,26.255226324091947,53.381637888990554,37.53396414069648
2057,28.030616375731046,25.585065127282224,41.012249965529435,28.836738257012883
2058,30.113055341145227,26.667123737612002,63.24292452296061,44.467681305206675
2059,31.31283310756159,27.318636096622896,75.42660024308216,53.03432829591714
2060,31.440330802779343,27.46686717416062,74.96585841374946,52.710369197167594
2061,32.3589083233441,27.975065716822055,84.08539125604555,59.12254072690703
2062,32.211789623537314,27.736939378838137,86.10778321553731,60.54453507342467
2063,31.404978213116323,27.22650261973562,79.52167985290457,55.91368114657352
2064,30.267001908840335,26.928284013611755,60.86039767174627,42.792467112946596
2065,31.32736344389274,27.545248983847397,70.71365466767432,49.72053843820851
2066,31.23327617587271,27.38640726836057,72.1526423891587,50.732326679877204
2067,31.513555725126565,27.550949071142007,74.724592310768,52.54072896850875
2068,31.17182445980091,27.277924246390896,73.19778252022257,51.46719083453149
2069,31.747365946325154,27.554456950039036,79.84242213969155,56.13920306697062
2070,31.186441463340557,27.220572515984376,74.7970877190263,52.59170230244037
2071,32.2847564382385,27.669158045106418,89.23551984737972,62.74372489268887
2072,31.97450959553548,27.750159256924963,80.54111863578932,56.63047404078936
2073,32.16230864663359,27.813808670824827,83.29999946241702,58.57031212201197
2074,30.937510209503525,27.01793579505561,73.76832032106483,51.868350225748706
2075,30.3137591307262,26.792981534275242,64.90616881002134,45.637149944546266
2076,32.032465614602685,27.48042765292979,87.82306581495327,61.75059315113901
2077,32.18452962420911,27.597471760159085,88.60128586777844,62.297779125781716
2078,31.632225552104174,27.321588866206422,82.45859301995009,57.9786982171524
2079,30.313194395261633,26.818356846955695,64.32972329568756,45.23183669228031
2080,31.101665550661213,27.04801921585893,76.7476963289397,53.96322398128572
2081,31.636633643410995,27.228572630105273,84.62357807346055,59.50095333290195
2082,31.82320890698045,27.56957917730645,81.19177177053338,57.08796452615628
2083,32.052382675668355,27.691679287507643,83.57118640357142,58.76099044001115
2084,32.24843929376206,27.75115627594085,86.60628928491583,60.89504715345645
2085,32.14936491502116,27.666527809370894,86.28526901445039,60.66932977578543
2086,31.35749893827124,27.403209210874753,74.53977171992202,52.41077699057017
2087,32.75500038116386,27.988080845027618,92.59821191413877,65.10811775212882
2088,32.31453751709795,27.74984017267867,88.10438543153967,61.948396006551334
2089,29.71472150353919,26.3614529728145,61.183745127215396,43.01982079257333
2090,31.45465836903906,27.18816355369683,81.47766256316073,57.28898148972239
2091,31.845794829245097,27.37787182530595,85.95384453198113,60.436296936549226
2092,32.097288803751674,27.769401047129733,82.8419501471543,58.24824619721786
2093,32.38839847260632,27.811139089529615,88.38354184614903,62.14467786057354
2094,31.495831194877088,27.246892502845828,81.0875264895836,57.014667062988465
2095,30.982424802508127,26.722555341368594,81.33043246976747,57.18546033030525
2096,31.860174448351945,27.21507640947772,89.89106753053835,63.20465685740978
2097,32.17877765054226,27.54668727606733,89.6020083216651,63.00141210117077
