,temp_max_pred,temp_avg_pred,Normal_heat_wave_prediction,Severe_heat_wave_prediction
1733,33.472948020314625,28.419759848559945,98.95973715010406,69.58106518366691
1734,33.51086948867121,28.64140917048409,94.87689595971389,66.71031747167383
1735,33.56975415616248,28.779470868093615,93.11740640153042,65.47317637607608
1736,34.15150609662777,28.90278177308719,99.0,72.63631755532157
1737,33.74256873977211,28.331254774503552,99.0,75.17678070732126
1738,33.225122673008926,28.019903944667735,99.0,71.95654263033113
1739,33.55183194667258,28.470805585983822,99.0,70.01603688576185
1740,31.816809064064085,27.27088951083545,87.68710118285861,61.65499301919747
1741,32.92885955719651,27.769767175012557,99.0,71.2358184716243
1742,33.529642150238416,28.247816481981797,99.0,73.15352606650971
1743,33.34279352162349,27.784310910518787,99.0,77.47629079851104
1744,32.409422216317594,27.306303087419504,99.0,70.36123638903268
1745,32.38598506358554,27.508983910839103,95.04447006103192,66.82814301166306
1746,31.699101448755574,27.008078494386165,90.91162120820913,63.922233662022045
1747,32.37830169452371,27.287279280122696,99.0,70.17222522501582
1748,32.34555078762586,27.61827418745661,91.71725778153896,64.48869687764459
1749,32.69444685635972,27.875783428111127,93.74807618330208,65.91661606638426
1750,32.55239827862276,27.6532892650491,95.53575585719251,67.17357833708849
1751,33.14772212750009,27.8964660885314,99.0,72.67587560888578
1752,32.83757306266763,27.351273618235258,99.0,76.34842881925586
1753,32.76366744224791,27.2761584570342,99.0,76.36732789396422
1754,32.98759030326984,27.401498048246964,99.0,77.90769148473248
1755,33.2887578683208,27.155594512720537,99.0,86.45567743125414
1756,33.168848107701265,27.274041673652548,99.0,82.73135053201125
1757,33.08199279101217,27.039685792715595,99.0,85.036046848384
1758,33.14303047636583,26.402376565470902,99.0,95.94771735773328
1759,32.98170928107917,26.266670000677678,99.0,95.54748875627334
1760,32.67008250810122,25.889482792501717,99.0,96.57187055624222
1761,32.6942706896849,26.14546563378156,99.0,92.95007899848973
1762,32.25114324660285,26.19147982018125,99.0,85.30724103783754
1763,31.75630484744484,25.988063864889757,99.0,80.75376535242323
1764,32.396777084481556,25.90029571651261,99.0,92.13252137451484
1765,33.08119717900312,26.642664262957176,99.0,91.2270768132179
1766,32.43911493842356,26.935259364921396,99.0,76.6227433359713
1767,32.77141523769308,26.635758593478883,99.0,86.49463506584681
1768,32.939932079516794,26.65063312553751,99.0,88.89529615592635
1769,33.090399244988255,26.391833097322454,99.0,95.29009605727818
1770,32.937421581482944,26.498519575917108,99.0,91.23284383696623
1771,32.42776066525663,25.334633366645615,99.0,99.0
1772,32.02652075901656,24.739142616363875,99.0,99.0
1773,31.456666571923087,24.377912426869898,99.0,99.0
1774,31.795309170072496,24.430174610605107,99.0,99.0
1775,31.826784569437095,25.086215007277733,99.0,95.94639940874006
1776,31.836140197160386,25.70806894535862,99.0,86.37611330940264
1777,31.991966976293565,25.71399869025597,99.0,88.71825446933745
1778,32.86319540456527,26.069796072096498,99.0,96.77186456982456
1779,33.05598130357496,26.503067433878723,99.0,93.01427921400374
1780,33.04457784229651,26.537332860976758,99.0,92.30070283312119
1781,32.637281319501774,26.781157060226036,99.0,82.12694155118344
1782,32.5985421686458,26.939378394096106,99.0,79.04943397733899
1783,32.77102533077351,26.921173489402232,99.0,82.02893502142628
1784,32.564025608862224,26.224077857091295,99.0,89.6866836214208
1785,32.60885220218952,26.04121177008428,99.0,93.24438175164434
1786,32.321713700518316,25.466551525215873,99.0,97.7369089891007
1787,31.694283729327747,24.691994429894674,99.0,99.0
1788,31.642892423004678,24.237668910081386,99.0,99.0
1789,31.67152622197714,24.70049389589859,99.0,99.0
1790,30.56085459134149,23.745361705292712,99.0,97.11707634451217
1791,29.161717350853667,23.156008565400143,99.0,84.46419977271135
1792,30.502395000787423,24.493255169953766,99.0,84.51780985677593
1793,31.319026589654662,24.970956662503042,99.0,89.8135926117441
1794,31.44624186139646,24.60470975118026,99.0,97.52393922212815
1795,29.983146061570995,23.704825107575438,99.0,88.72376490618062
1796,30.825409343757357,23.857289067078796,99.0,99.0
1797,30.86932266778306,23.75745450967277,99.0,99.0
1798,31.23693831285119,23.973834222719237,99.0,99.0
1799,31.08654354011436,23.86707479358912,99.0,99.0
1800,31.272116384317886,24.466242372937234,99.0,96.96678142782272
1801,31.318510982777898,24.69218224515124,99.0,94.16138652541656
1802,31.44363112968615,24.791837571821375,99.0,94.55927434163713
1803,31.525539582033527,25.039367652003104,99.0,91.97143640672539
1804,31.266902753034653,24.796878242016593,99.0,91.71913298465722
1805,30.897971417367614,24.495097644872846,99.0,90.66990269523079
1806,30.821751625588238,24.681532317330642,99.0,86.56592669152496
1807,30.58209204430439,24.357314129571918,99.0,87.88715491769489
1808,29.188205697731142,23.01615234048632,99.0,87.06333370695035
1809,29.462667537381645,23.086064417286167,99.0,90.25942375149188
1810,29.249982971202606,22.93024316816514,99.0,89.37093442246041
1811,27.276340741436428,21.52059846623848,99.0,80.558473049968
1812,27.648217635789823,21.362995413621928,99.0,88.8315972213734
1813,28.623594598260073,21.606259661390656,99.0,99.0
1814,28.31697692584593,20.96892883384387,99.0,99.0
1815,29.127245505206716,21.275251292362732,99.0,99.0
1816,29.16866201690142,21.647024173710015,99.0,99.0
1817,29.878179770641154,22.61156433271451,99.0,99.0
1818,30.341536763834345,23.516805386973328,99.0,97.26142776345343
1819,29.723927818121826,23.356647305405986,99.0,90.11375801118504
1820,29.446649816327366,23.05150254785297,99.0,90.54917606991248
1821,28.590697743103313,21.607270881584117,99.0,99.0
1822,28.91203090898614,21.8873850589031,99.0,99.0
1823,28.74031759375214,22.475270407809496,99.0,88.51636228035382
1824,28.17157831354251,22.031555416217188,99.0,86.5628577707082
1825,29.006827258593585,22.6425516304847,99.0,90.06680668920136
1826,29.357516088682928,22.808082817795597,99.0,92.95989485761457
1827,28.505735000074683,22.27302063854255,99.0,88.01116189893959
1828,28.745659547862424,22.157749687857542,99.0,93.56109156257631
1829,28.929371327179695,22.226335452603177,99.0,95.35993554025812
1830,29.390998017297292,23.144889421436986,99.0,88.22044681031733
1831,29.224432006835414,23.61736938128485,99.0,78.23535352422762
1832,28.815345029211773,23.462761204616953,99.0,74.2591222592941
1833,29.422886084036016,22.979192217747705,99.0,91.30771666075488
1834,28.88625275287492,22.29570874335233,99.0,93.60225014879053
1835,29.309988900001457,22.674035821541366,99.0,94.31176685093895
1836,29.40318044891453,22.951259833197405,99.0,91.4362596205801
1837,29.18132765370123,23.36348865380652,99.0,81.5287343733549
1838,29.956069707786245,23.831059156268907,99.0,86.32828986745844
1839,30.08591630254206,23.931829189942547,99.0,86.78261113436741
1840,29.56096508843304,23.40961022945223,99.0,86.73991967157518
1841,29.295220233520453,23.10067166697059,99.0,87.41482135234163
1842,29.796382000862923,23.355891959999973,99.0,91.25765688848364
1843,30.119129053739766,23.393654967224393,99.0,95.71053260180274
1844,29.830345679355208,22.929548803804515,99.0,98.44995118047962
1845,31.059744824033814,23.87325150844793,99.0,99.0
1846,30.967548498053567,23.999728479020916,99.0,99.0
1847,30.99230057942846,24.37861164084808,99.0,93.96388966531843
1848,30.723583611053655,24.3133880725205,99.0,90.78430528958059
1849,30.040015018270978,23.950645003895712,99.0,85.77140647461357
1850,30.115505811016757,23.62679836008657,99.0,92.01105392078418
1851,29.598618091259794,23.478834573887376,99.0,86.24661745894407
1852,28.38096031780949,22.622538623890787,99.0,80.60033896747976
1853,28.58195017767292,22.186604074645054,99.0,90.55228285981043
1854,28.75659023101464,21.575466261831778,99.0,99.0
1855,29.31972241798023,22.287551911476537,99.0,99.0
1856,31.58354327997218,23.361990533846576,99.0,99.0
1857,31.47587696831328,23.059657948546906,99.0,99.0
1858,31.84643246858598,23.610012391628786,99.0,99.0
1859,32.24521292614017,23.87508631257826,99.0,99.0
1860,31.523466771808046,22.995857943396302,99.0,99.0
1861,32.05941974345948,23.668373663348586,99.0,99.0
1862,32.18285776758939,24.567496876762583,99.0,99.0
1863,30.57509133400048,23.420333544660636,99.0,99.0
1864,30.52757716384223,23.560530397235517,99.0,99.0
1865,30.56912856451555,23.09947837900789,99.0,99.0
1866,30.948282998208132,23.934203842419148,99.0,99.0
1867,32.15340606289785,24.39014477269339,99.0,99.0
1868,31.890077868229366,24.09268862704524,99.0,99.0
1869,32.8976856722881,24.531709188232345,99.0,99.0
1870,32.74026960808439,24.74483082637347,99.0,99.0
1871,33.09838414023488,25.115239664291888,99.0,99.0
1872,33.240771110673066,24.982273091604487,99.0,99.0
1873,32.84221644339552,24.77472282233045,99.0,99.0
1874,32.673663267958325,25.14355653408099,99.0,99.0
1875,32.47716091090723,25.478369286730295,99.0,99.0
1876,32.89658004355012,25.042242166878424,99.0,99.0
1877,34.02535410423394,25.986212361538254,99.0,99.0
1878,34.40677534997491,25.939930548675402,99.0,99.0
1879,34.81182069708363,26.304429050225025,99.0,99.0
1880,34.54216813792473,25.596636359389766,99.0,99.0
1881,34.80458148115501,25.46043282892967,99.0,99.0
1882,34.73375694523443,26.13153490634403,99.0,99.0
1883,34.96392328873917,26.21764527518944,99.0,99.0
1884,34.17666071051457,26.652678563024914,99.0,99.0
1885,33.761816115524084,26.86985898240881,99.0,98.31183020492618
1886,33.967341931529674,27.070742169964586,99.0,98.38437127445454
1887,34.58557094467093,27.36598893038217,99.0,99.0
1888,35.07880495713534,27.49486165171975,99.0,99.0
1889,33.92698935469033,26.618777794208714,99.0,99.0
1890,34.282539054816695,26.923559144273305,99.0,99.0
1891,33.4216823479955,26.523414048505355,99.0,98.41044217953355
1892,34.385054713172174,27.193976671455747,99.0,99.0
1893,33.59902675466094,27.03689948828605,99.0,93.15823853710769
1894,34.375399249915425,27.813841578419378,99.0,93.14933861712576
1895,34.595514950390886,28.112935659264714,99.0,91.91530142384646
1896,33.991296187020176,27.20158009607129,99.0,96.71431392107638
1897,35.075890017762816,27.332660934774253,99.0,99.0
1898,35.662146106330965,28.14460254734141,99.0,99.0
1899,35.30460976091122,28.227416503340415,99.0,99.0
1900,34.40695513692868,27.69318406647888,99.0,95.52767297577813
1901,35.30124164937871,28.04423112715792,99.0,99.0
1902,34.09485066902915,27.60627906747314,99.0,92.0089312743127
1903,34.74858160591931,28.40862170229494,99.0,89.68687349413085
1904,34.944658277139084,28.64303737044935,99.0,89.08782666702713
1905,35.3515176375194,28.797291343481984,99.0,93.03478584433466
1906,35.827204656675775,28.98139530069275,99.0,97.59077118723481
1907,35.950194176842494,28.882723886831464,99.0,99.0
1908,35.9696456005081,29.24256749206737,99.0,95.73559544438648
1909,36.02290361879905,29.47197231757089,99.0,92.98330158168999
1910,36.677661688279215,29.42040432248509,99.0,99.0
1911,37.076180228238925,29.684728506726437,99.0,99.0
1912,37.90476539660125,30.320136671377803,99.0,99.0
1913,38.578579477456614,30.696467067902915,99.0,99.0
1914,38.075573874499696,30.675899020751448,99.0,99.0
1915,38.66214953815076,31.32960278906947,99.0,99.0
1916,37.83754372782198,30.34102085811892,99.0,99.0
1917,37.028411624060276,30.043497170020444,99.0,99.0
1918,36.31918500080728,29.939935898491214,99.0,90.30076722368857
1919,36.14690268111954,29.67950980691813,99.0,91.6780136593971
1920,35.70516403655568,29.588580678208906,99.0,86.19661497416836
1921,36.98280776052848,30.162885546773516,99.0,97.18628458992134
1922,37.34923589253502,30.15468486197845,99.0,99.0
1923,36.74823625374548,29.87860561655973,99.0,97.96297870602739
1924,35.98855835306288,29.50858154367299,99.0,91.87463764671705
1925,36.638300508464845,30.145273709399703,99.0,92.07854373539287
1926,37.646488371055135,30.756227709977917,99.0,98.28532282933156
1927,37.87091412160441,30.556468196738127,99.0,99.0
1928,37.55037962416358,30.54241504082673,99.0,99.0
1929,37.66976375210173,30.96459292055918,99.0,95.39329424285236
1930,37.37847289373061,30.641704628776253,99.0,95.88700413991185
1931,37.958881221615904,31.22637514441269,99.0,95.82040745630027
1932,38.919345763928966,31.777195763551337,99.0,99.0
1933,38.92602997885458,31.601450296595477,99.0,99.0
1934,38.719706821384506,31.749757778116628,99.0,99.0
1935,39.47454261780452,32.00291827431742,99.0,99.0
1936,39.26069139471061,32.07277507202391,99.0,99.0
1937,37.91974702265247,31.402527828980222,99.0,92.45654990112895
1938,39.363372813593635,32.02327621332631,99.0,99.0
1939,39.95659911550912,32.592388312732744,99.0,99.0
1940,40.34825464618946,33.07379014131313,99.0,99.0
1941,40.53651866641118,33.11742912389626,99.0,99.0
1942,40.654670799781464,32.95804020640231,99.0,99.0
1943,40.501919757084295,32.90851791815237,99.0,99.0
1944,41.10745518256448,33.48437147178818,99.0,99.0
1945,41.187583732686555,33.68084865245584,99.0,99.0
1946,40.21824683484016,33.05194346352641,99.0,99.0
1947,40.46084429676894,33.57988136962525,99.0,98.14004573662017
1948,39.361043536236295,31.721474067815045,99.0,99.0
1949,39.02416556250303,32.68362120941895,99.0,89.69600551693868
1950,40.412472144545994,33.67736702387716,99.0,95.86101751045051
1951,40.457640870716574,33.6077656752297,99.0,97.65429992948238
1952,40.34747807557493,34.03505613977741,99.0,89.25659274683618
1953,40.043312318711926,33.623778672110866,99.0,90.93021322814154
1954,40.718639926789784,33.634408092130464,99.0,99.0
1955,39.90456354891373,33.530260206691594,99.0,90.22348972222083
1956,39.27768836387149,32.93712197374125,99.0,89.69634984578501
1957,40.24104086114217,33.24247821426592,99.0,99.0
1958,40.18321294079828,33.70609628448587,99.0,91.8299477548814
1959,40.24869355049628,33.15684923079324,99.0,99.0
1960,39.84777228798146,33.57170192196613,99.0,88.68859946898955
1961,39.45634151588086,33.36993051363852,99.0,85.72517191003648
1962,40.146908345165116,33.97511681435872,99.0,87.0592426688499
1963,40.39196336957162,34.04601472778556,99.0,89.78044752790714
1964,40.11168006244269,33.657222947191336,99.0,91.47589242580234
1965,40.67168349731692,34.012057190987356,99.0,94.68166103639942
1966,40.66381502440356,33.973041612009986,99.0,95.1683345686496
1967,41.50398643728706,34.509961244750926,99.0,99.0
1968,41.4946193182408,34.83749164767967,99.0,94.64261985251765
1969,41.80024385344133,35.06189004985726,99.0,95.91177818100105
1970,41.03533463342522,34.66372904763979,99.0,90.18133727789734
1971,42.03298899098586,35.457657858110686,99.0,93.36454895117453
1972,41.963217373294086,35.301511654525115,99.0,94.71415185576515
1973,41.91232262546758,35.57574432364088,99.0,89.63403596604213
1974,42.3971802511012,34.978264802880986,99.0,99.0
1975,39.37634722198139,33.92313734487772,99.0,75.83140432974477
1976,39.66617600185766,32.685522633379634,99.0,99.0
1977,38.350331229513955,32.40298563151077,99.0,83.5522749687998
1978,38.53473673963962,32.4010573564914,99.0,86.46374036169091
1979,38.36326775553266,32.63267686012517,99.0,80.16548274074198
1980,38.9711743372296,32.94349349877771,99.0,84.8075131008107
1981,39.01523016309217,33.738554664886735,99.0,73.0730546594599
1982,39.3111616311526,33.266690592686174,99.0,85.06985997603789
1983,39.27067284423089,33.13017291145178,99.0,86.57031144967353
1984,36.89819023871873,31.663939104071474,99.0,72.41017397886345
1985,38.12308716099375,32.603818712866875,99.0,76.86356950198237
1986,37.6594164356,31.498867878863287,99.0,86.88357119901119
1987,34.72089148968685,29.85853683040731,94.71899242843426,66.59929155124283
1988,35.32987198221725,30.584642619608925,92.1162080579628,64.7692087907551
1989,36.48415665231341,31.25200156789503,99.0,72.37742319403722
1990,36.109628317240855,31.627214435885705,86.27586403011449,60.66271689617425
1991,36.865153129529894,31.62892993556896,99.0,72.44098740563965
1992,36.067627242517666,31.24160514317956,93.91160220751354,66.03159530215797
1993,34.64535118360771,30.33090997997291,82.54313785855116,58.038143806793784
1994,35.89266502675834,31.243172901830487,89.9887138872856,63.273314451997685
1995,35.560875653275325,31.140755044395,84.89156908622948,59.68938451375511
1996,36.173694361308286,30.44197507497216,99.0,80.18311384900201
1997,34.18305308178688,29.86989038059109,82.51472669323981,58.018167206184245
1998,33.22337212626367,29.109850092865777,78.0782674088421,54.898781771842096
1999,33.321864665283904,29.107286327174645,80.32396306909469,56.47778653295721
2000,34.18368092455916,29.580056617918792,88.96942903645271,62.556629791255816
2001,34.5240794677316,30.067682558554004,85.69770909283557,60.25620170590001
2002,34.614832667931914,29.75948784510374,94.56321828507055,66.48976285669022
2003,34.51317986544781,29.295790710930067,99.0,72.14670553933978
2004,33.21069063897488,29.055184622389998,79.01124481299746,55.55478150913884
2005,33.83421595949678,29.362703315101065,86.03361431990486,60.4923850686831
2006,34.30013665962889,29.30802493550639,97.60248275827786,68.62674568941412
2007,33.5355917287996,28.898169996752966,89.72048293436976,63.08471456322873
2008,32.566474532174055,28.54100971277172,76.12144043116302,53.5228878031615
2009,32.6395648163495,28.63913481084354,75.56511123346579,53.13171883603063
2010,33.335046750270344,29.362899860742004,74.93659754507426,52.689795148880336
2011,32.60991088486757,28.244018990198047,83.6864865482116,58.84206085421128
2012,31.611964465996344,28.1759155880731,63.023308398294375,44.31326371755073
2013,32.78654545806421,28.405569830751517,84.02168060694879,59.07774417676087
2014,30.166022596394708,27.00644713966795,56.87945459392796,39.993366511355596
2015,30.42245845033749,26.973115036302595,63.31874253410885,44.520990844295284
2016,30.569750055083365,27.39246228320053,57.27306159739638,40.270121435669324
2017,30.44371502391762,27.37158324575039,54.936261737049584,38.627059033862984
2018,30.3998996214669,27.168498540345816,58.475579580468604,41.11564189251698
2019,30.022328281948774,26.954263432651015,54.845885539950245,38.56351327027752
2020,30.05613505557971,26.981745431540116,54.98643608976879,38.66233787561868
2021,31.564912280182053,28.162376557987958,62.27857160431327,43.78962065928277
2022,31.97758165031503,28.502464124548265,63.89150057259485,44.923711340105754
2023,32.48446698903887,28.60201048387759,72.943477892473,51.28838289314508
2024,34.01028880628866,29.46674699428584,87.63426248895165,61.617840812544124
2025,34.05598896009342,28.976796525496027,99.0,69.98738179058434
2026,32.549779755419166,28.15417493710055,84.34677374041377,59.30632528622842
2027,30.567122646857438,27.5823079615765,52.995881895132,37.26272945751469
2028,30.95623067397671,27.293506296651756,68.06054171833232,47.85506839570242
2029,30.122702502024186,27.041489051524575,55.13807667776918,38.76896016405645
2030,32.65456744760997,28.57853343661055,77.24520024443164,54.313031421866
2031,33.062729802957,28.61503729371095,85.5042779832456,60.12019545696956
2032,31.26344427591291,27.93568056701481,60.61697130884672,42.62130795153285
2033,32.43595583069427,28.655747118428202,70.67130471702376,49.69076112915732
2034,32.19674584726922,28.47444154236068,69.38454010907873,48.78600476419598
2035,30.900903264695266,27.805212338745925,55.45979835442986,38.995170717958494
2036,31.92445873417658,28.57444802913658,61.111349000888914,42.96891726625002
2037,33.270939974185836,29.249791264777464,76.02552687574166,53.45544858450585
2038,32.312175781954146,28.407308816246555,73.4414881268354,51.63854633918113
2039,31.74473441453195,28.06988244139593,68.33004384746721,48.04456208025037
2040,32.022606210868325,28.4654574876808,65.71441607083392,46.20544879980509
2041,32.714405368932276,28.73132092190931,75.17965437828813,52.86069448473385
2042,32.12692324610908,28.390649238656934,69.69497794338105,49.004281366439805
2043,31.661199507249638,28.011721043742266,67.76618807794164,47.64810099230271
2044,30.726140439227343,27.436900081596065,59.76089683625069,42.01938058798876
2045,30.06792917379427,27.361404642863008,46.811656242916975,32.914445795800994
2046,31.269439272379778,27.733183559551037,65.25012695174985,45.8789955129491
2047,30.87853440188208,27.607813108615034,59.34936207260111,41.730020207297656
2048,30.50009787365411,27.458399131535753,54.25997204707463,38.15154284559935
2049,31.403707936203816,27.94339296614743,63.56255489014191,44.692421407131036
2050,29.6740217495712,26.868460505090585,49.01247209956925,34.461894445009634
2051,29.59530070491549,26.833358460377863,48.04316098972513,33.78034757090048
2052,29.394730860845446,26.466163521346115,51.74594087776296,36.38386467967708
2053,29.320338113690976,26.6814882466621,45.307774822864,31.857029172326246
2054,29.76160370884795,27.034179845334275,47.276085855859485,33.2409978674012
2055,30.071311450987054,27.05144949244177,53.77471018989526,37.8103431022701
2056,30.34031406334686,27.143804037795636,57.70022279002723,40.570469149237894
2057,28.94192268752286,26.500954013090467,40.91041498738658,28.76513553800619
2058,31.322322631021223,27.5901409121937,69.60403819616722,48.94033935668007
2059,32.20582803623633,28.10931304840933,77.70033306282235,54.63304668479696
2060,32.157499593052364,28.138522100182396,75.97727761933268,53.42152332609329
2061,33.102995100357184,28.848454237043356,81.21201918475178,57.10220098927859
2062,33.10916564165269,28.73592177352963,83.849863736068,58.95693543942282
2063,31.73745629355533,27.693301616024787,76.53677061178989,53.81491683641476
2064,31.61522320534882,27.946536257972536,68.19304327502856,47.94823355275446
2065,32.13884038318043,28.072297265591363,77.03429150197931,54.1647362123292
2066,33.094971206389644,28.605561688788466,86.43132261335957,60.77202371251844
2067,33.416381012315234,28.79694506419407,89.32079884713704,62.80368668939323
2068,31.994993678512223,28.12329876681505,72.70433137104833,51.12023299526835
2069,32.40922149670158,28.213366125979668,79.90789712715372,56.18524016752996
2070,32.01641686427453,28.049788298905128,74.81396811932015,52.60357133389698
2071,32.80678879459617,28.29673840322744,86.890008697083,61.09453736513648
2072,32.17726768183518,28.07287544602757,77.87538301794699,54.75612868449397
2073,33.05397728369387,28.683271823383873,83.7934546735555,58.917272817343715
2074,31.404560710292763,27.69725093960221,69.0513282375679,48.55171516703993
2075,31.37213480613911,27.536062999322258,71.91270681815227,50.56362198151332
2076,32.781333992693426,28.25861484695179,87.1715365720364,61.2924866522131
2077,33.0746647222118,28.55962873350388,87.0007997490649,61.172437323561255
2078,32.82358264847211,28.311954243371794,86.925075668896,61.1191938296925
2079,30.880177061664533,27.384369106191443,64.35128789940205,45.246999304267064
2080,32.48180018757602,28.200394479965002,81.80901572468933,57.52196418142219
2081,32.50693974202767,28.30285235394511,80.09083084627915,56.313865438790025
2082,32.610647019291406,28.39904858870447,80.25774290193195,56.4312254779209
2083,33.13274892365106,28.675228182433596,85.72268313816586,60.27376158152287
2084,32.888349144462,28.356940340776852,87.36464008189218,61.42826255758044
2085,33.23363595830453,28.571436541672572,90.27109814737693,63.47186588487441
2086,31.98174972183263,28.11100735437344,72.68316372131538,51.10534949154988
2087,32.40682288240099,27.90880088850314,86.62271097550777,60.906593654653896
2088,32.18199365102779,27.755992903710347,85.02223882927653,59.781261676835065
2089,30.41500927081529,26.926315182839417,64.19320195501945,45.13584512462304
2090,32.46180229353813,28.0261579857885,85.23654017221396,59.93194230858795
2091,32.51716276446734,27.932177553425536,88.55522691204023,62.265393922528276
2092,32.6737345009732,28.2600034663999,84.74957854607328,59.589547415207775
2093,32.25042735936034,27.756213908151796,86.53807669352318,60.847085175133486
2094,32.172987583587805,27.862877803483276,82.44688400232292,57.9704653141333
2095,31.239795653185578,27.259103556230965,75.12649104343588,52.82331401491586
2096,33.05475631562467,28.213248826328744,94.25572198435401,66.27355452024891
2097,32.863887397847215,27.92198976926534,96.48661396848613,67.8421504465918
